349283249	350475342	351667435	352859528	354051621	355243714	356435807	357627900	358819993	360012086	361204179	362396272	363588365	364780458	365972551	367164644	368356737	369548830	370740923	371933016	373125109	374317202	375509295	376701388	377893481	379085574	380277667	381469760	382661853	383853946	385046039	386238132	387430225	388622318	389814411	391006504	392198597	393390690	394582783	395774876	396966969	398159062	399351155	400543248	401735341	402927434	404119527	405311620	406503713	407695806	408887899	410079992	411272085	412464178	413656271	414848364	416040457	417232550	418424643	419616736	420808829	422000922	423193015	424385108	425577201	426769294	427961387	429153480	430345573	431537666	432729759	433921852	435113945	436306038	437498131	438690224	439882317	441074410	442266503	443458596	444650689	445842782	447034875	448226968	449419061	0	
272	453	390	218	412	464	218	310	525	389	142	421	451	165	393	594	389	143	446	403	47	482	563	217	463	692	308	585	1358	1407	892	1574	2568	2678	1964	969	1195	2160	3014	3200	2157	548	2202	3395	2789	667	1644	2443	2070	3146	4605	4025	1079	3793	7745	7857	5371	1254	2923	4495	3804	2166	1946	2073	1095	518	1331	1093	168	897	1148	591	303	783	630	174	611	629	208	461	677	391	272	682	650	0
1580	1446	2661	2182	999	1440	1442	1789	3307	606	457	1094	3654	2674	2136	1000	2686	5484	2812	2306	1716	2841	3672	3501	3268	2205	2210	6686	8466	9050	7862	5866	15166	13441	7594	17592	20394	31439	4859	17381	30431	13454	15730	32066	27829	24958	13177	36290	44073	36944	23175	60043	39770	43423	30571	38031	17304	11518	22570	9497	24555	15648	20854	12247	567	4288	9150	6797	4072	1482	4493	2453	3228	3690	683	2207	2309	1411	4103	1702	2248	875	3182	2200	828	0
216	240	297	303	318	311	326	331	331	305	292	289	313	316	312	316	373	395	402	420	410	442	404	409	414	449	547	535	713	1100	794	625	1240	1158	830	1134	1695	1662	366	1782	2682	2473	512	2270	3619	4781	4504	3975	5955	6770	6509	2892	3253	5286	5254	2397	2723	2379	1552	1015	1133	1004	1304	1893	1302	1419	1468	1217	1319	1315	1101	953	901	843	738	654	680	728	741	732	711	721	751	716	677	0
190	190	311	361	173	191	345	359	241	225	377	396	251	272	448	427	273	345	529	404	508	420	682	560	354	688	611	864	755	1315	1490	1403	1394	1411	1569	766	2401	1685	2856	2400	3214	676	2553	1782	3531	2919	4180	4735	4254	5067	5912	5790	8270	6289	5160	6715	5312	3191	2842	728	1469	770	2272	604	1049	238	525	1155	767	516	633	782	346	246	595	564	308	239	528	454	103	202	345	354	232	0
782	471	637	689	399	407	702	617	203	537	753	484	296	695	686	253	400	628	347	375	883	778	187	814	1232	822	620	1630	1949	1458	1884	3249	3745	3103	2163	2183	2254	2627	3642	3947	2782	431	2683	4326	3736	1380	1525	3072	3266	4261	6122	6216	3812	998	6167	7773	6430	3066	2828	4981	5081	3142	2210	3008	2679	1119	1107	1910	1366	150	1206	1477	707	425	1117	953	164	848	1158	709	437	951	874	340	826	0
4390	4407	4420	4422	4367	4422	4414	4416	4405	4387	4409	4462	4413	4410	4369	4404	4416	4390	4391	4353	4452	4443	4392	4296	4418	4365	4356	4340	4429	4191	4472	4335	4349	4118	4272	4035	4237	3627	4495	4142	4557	4151	4302	3950	4342	4902	5656	4875	3394	3900	3652	4249	1088	3241	7353	5396	5293	4704	4760	4477	4927	4796	5018	4707	4403	4444	4679	4532	4511	4499	4562	4543	4527	4443	4492	4498	4532	4497	4512	4505	4493	4535	4489	4476	4499	0
543	544	551	559	577	567	579	579	594	606	600	611	621	630	637	633	627	625	613	616	613	630	610	637	673	714	741	747	777	947	899	689	821	894	649	805	1124	1052	276	1197	1601	1376	791	1949	2960	3165	3187	3258	4773	4748	3036	2526	3728	3331	3437	1865	1520	1089	617	692	757	753	794	1091	766	912	931	843	914	862	741	713	664	614	534	497	488	492	477	467	460	489	490	479	470	0
533	532	545	551	564	559	553	563	576	583	580	591	607	620	616	614	609	615	591	588	581	601	583	607	643	675	730	708	738	921	878	633	753	885	642	678	1127	1184	110	1270	1653	1292	871	1931	2928	3234	3087	3170	4753	4768	3698	2279	3616	3587	3252	1611	1320	997	364	602	571	626	781	976	764	887	912	806	887	816	683	639	595	546	479	445	448	454	458	459	468	491	497	489	478	0
699	704	703	701	713	709	724	706	716	721	737	747	731	728	733	734	731	695	696	726	743	750	738	788	843	871	902	858	910	1096	833	682	927	922	682	1091	1267	987	473	1877	2013	1179	1292	2610	3333	3309	3092	3179	4819	4717	3026	2427	3615	3607	3499	2433	1934	1871	905	529	180	184	169	347	35	130	296	251	325	392	436	442	432	436	452	442	435	413	380	364	360	348	344	333	355	0
654	654	650	663	672	686	676	669	678	702	713	707	707	720	726	715	700	694	682	701	701	725	698	744	800	825	853	833	875	1093	939	646	849	965	700	886	1270	1164	298	1790	2079	1526	1286	2437	3446	3343	3154	3583	5154	5007	3485	2317	3607	3296	3004	1763	1341	1248	666	568	627	440	562	725	534	590	542	473	585	487	296	266	237	197	118	121	130	158	208	232	216	212	219	227	205	0
599	607	605	588	583	578	588	582	577	576	578	576	567	554	537	541	541	522	522	558	584	581	575	613	644	647	635	627	647	727	372	507	681	579	482	936	990	497	715	1832	1614	701	1296	2271	2789	2795	2495	2931	4625	4526	3302	2185	3768	3702	4046	3180	2611	2507	1305	504	472	590	402	886	659	690	906	877	903	995	1018	1004	996	977	943	899	877	844	798	769	771	781	789	781	804	0
633	637	635	647	663	670	666	659	672	687	684	696	696	704	710	698	691	687	667	685	702	709	691	723	785	797	846	817	857	1063	919	626	834	896	707	912	1236	1147	370	1775	2110	1551	1356	2459	3198	3440	3037	3741	5126	4940	3206	2504	3498	3220	3112	1808	1278	1278	507	635	610	508	663	754	553	630	636	505	615	524	372	329	293	248	182	172	180	199	229	254	247	247	242	257	233	0
667	674	675	678	682	693	695	684	688	703	718	720	709	718	726	716	710	700	689	715	736	745	727	770	830	850	882	838	916	1082	861	634	922	923	751	1040	1361	1112	531	1865	2006	1390	1457	2537	3380	3329	3186	3573	4985	4691	3066	2490	3413	3040	3354	1946	1552	1527	1006	493	438	342	458	507	305	392	367	233	358	302	205	165	162	130	123	122	125	118	125	130	127	99	83	83	100	0
579	588	592	599	613	618	609	612	621	634	641	648	646	663	662	661	664	644	633	642	644	667	642	669	716	739	779	755	795	1019	880	587	808	873	631	769	1165	1121	259	1499	1940	1341	1262	2133	2986	3260	2997	3475	5013	4589	3360	2384	3648	3421	3125	1843	1727	1160	257	526	612	592	698	869	609	744	718	629	720	653	534	488	454	401	317	308	309	317	326	342	342	362	360	358	348	0
671	681	677	687	696	702	708	704	715	720	725	741	741	735	744	739	734	719	708	729	749	767	746	789	839	868	892	883	919	1121	853	691	949	957	697	1057	1341	1081	557	1815	2109	1315	1567	2583	3369	3395	3322	3632	5159	4512	2879	2488	3583	3240	2951	1973	1589	1380	469	371	472	396	469	582	353	470	431	328	423	375	257	210	191	131	68	44	46	54	83	93	97	78	73	76	80	0
832	843	846	841	852	857	859	871	873	878	881	897	887	885	877	874	877	857	852	885	914	928	919	981	1038	1054	1068	1063	1128	1244	898	867	1150	1049	805	1316	1550	991	991	2306	2447	1391	1929	3044	3737	3634	3636	3898	5653	4663	2888	2150	3600	3269	2887	1918	1737	1565	397	273	276	231	182	497	129	296	395	281	341	428	421	407	433	431	417	398	403	405	366	353	359	359	352	356	376	0
739	747	746	751	763	768	773	773	779	788	803	805	802	807	816	809	803	781	770	806	830	830	820	876	926	952	979	967	1055	1181	900	797	1040	1014	766	1148	1391	1073	622	1905	2131	1361	1637	2678	3460	3443	3490	3765	5382	4436	3180	2193	3722	3536	2936	1930	1858	1349	168	237	372	325	262	494	258	391	385	257	374	358	309	264	267	235	223	201	203	193	175	168	171	144	147	156	171	0
798	805	804	803	811	825	823	822	826	833	850	855	846	842	846	835	839	812	806	839	864	866	859	918	961	975	1009	987	1075	1159	858	820	1069	967	766	1216	1418	990	778	2046	2184	1325	1677	2706	3464	3354	3449	3861	5203	4464	3339	2163	3803	3385	3460	2250	2225	1861	690	355	61	284	82	401	125	281	424	341	370	480	524	504	532	521	521	505	511	483	458	437	448	425	421	420	441	0
289	280	272	276	266	264	256	260	261	248	237	232	242	250	255	255	263	281	289	244	233	241	240	185	164	162	209	162	208	427	469	248	218	459	350	202	592	865	429	854	1149	850	535	1723	2511	2762	2958	3284	4832	5027	3839	2749	4017	3987	3981	2116	2142	1653	566	714	1032	1225	1064	1462	1221	1352	1386	1279	1382	1358	1219	1175	1131	1059	968	931	913	900	867	866	861	882	894	872	860	0
314	315	310	315	313	320	331	329	335	364	382	408	418	433	455	461	455	441	421	440	426	433	388	417	464	512	518	533	660	809	613	453	822	724	494	930	1172	913	240	1453	1576	1138	1104	2075	2986	3309	3323	3533	5129	4917	2963	3075	4489	4116	3480	2370	1989	1583	450	438	589	738	606	1031	749	846	863	779	889	841	710	689	638	553	469	422	413	389	344	339	344	384	392	372	370	0
318	329	321	328	323	332	349	344	363	373	407	433	444	457	474	472	480	467	433	445	448	461	407	446	525	533	582	594	680	854	657	533	759	732	657	921	1073	911	238	1495	1974	1445	1067	2390	3494	3395	3062	4058	5578	4865	3195	3059	4213	4196	3269	2143	1841	1459	382	799	745	812	763	1124	800	879	963	873	920	860	749	706	644	571	490	431	418	418	378	372	381	418	425	405	400	0
372	373	376	358	349	344	351	342	340	325	330	329	306	296	269	261	269	239	222	251	276	273	254	293	353	342	319	341	387	438	244	171	322	200	245	553	589	495	215	1156	1279	1017	691	1825	3134	3323	2594	3577	5395	4825	2957	3597	4168	3231	3877	3142	1844	1016	918	733	790	1187	1114	1443	1232	1380	1416	1324	1428	1376	1241	1206	1152	1082	985	929	927	908	875	858	876	899	900	881	877	0
180	51	274	293	171	70	306	300	157	92	316	319	179	140	353	340	189	188	363	356	348	367	466	466	312	432	426	415	348	741	625	1345	957	520	1675	330	1232	2116	794	2351	3596	1191	3670	3323	972	3152	4735	4685	3853	5913	4422	4632	6141	5002	4237	8911	3590	2337	2117	2095	1180	473	2549	649	1222	479	266	869	468	130	558	780	340	268	523	537	214	222	427	373	74	111	285	300	145	0
31	156	54	62	91	17	107	27	22	46	136	42	131	57	81	77	94	140	67	156	98	163	27	174	131	190	112	338	509	943	299	694	537	482	1006	933	545	2536	1837	844	726	2261	2600	2600	2690	1642	2532	2028	2508	5424	3415	2444	4451	6983	6618	2305	664	819	1451	1201	1485	1361	498	456	798	192	335	315	138	146	213	144	120	160	43	105	56	70	83	75	56	18	80	49	107	0
3545	8265	6436	4081	6503	2836	4536	3795	6523	1848	2695	6051	5916	8226	6641	5326	4540	9381	6834	8188	4774	6163	4527	11560	5974	5996	6410	4479	8772	10376	7392	30106	17580	38625	16046	57277	55130	62061	38785	14750	13318	12029	53478	44022	30780	65420	39090	52563	62799	29881	37236	19720	48437	22222	8156	39587	13627	19293	55329	45158	22537	56680	45093	21991	15410	9664	2743	17782	6134	13678	12657	2525	7735	9247	7360	7190	7642	12147	9998	2605	6202	5541	13084	12426	3892	0
49	109	7	64	65	56	72	51	47	67	159	11	112	67	144	93	226	136	56	290	270	154	269	204	82	53	344	265	759	907	287	653	687	938	793	752	410	2343	1886	924	628	2245	3401	3707	3193	1733	2484	2005	2406	4710	3446	2036	4008	7142	7393	4083	2040	1519	471	707	1179	1558	796	785	840	811	445	151	337	276	35	299	281	74	139	161	56	199	188	91	123	189	112	163	195	0
4468	4462	4436	4460	4427	4476	4491	4437	4418	4461	4403	4470	4478	4442	4428	4483	4419	4488	4440	4457	4423	4477	4468	4433	4484	4499	4459	4445	4430	4372	4469	4416	4607	4516	4364	4616	4267	4850	4449	4416	4360	4815	4371	3942	4673	4968	5016	4253	4920	5134	3933	3918	4147	4346	5849	4654	4151	4338	4449	4173	4301	4342	4421	4480	4319	4522	4498	4387	4432	4444	4435	4421	4368	4470	4467	4409	4449	4421	4470	4452	4418	4389	4467	4430	4457	0
128	94	380	289	94	119	350	347	142	211	377	386	144	253	449	371	183	324	507	441	316	419	616	537	311	611	728	646	529	848	1059	1742	741	1544	2074	394	1394	2274	1953	2775	3050	1376	1812	2702	2411	1394	5265	6048	6864	3145	6679	8183	4721	4262	5074	3435	6002	2046	1125	3277	933	1353	2484	762	1215	715	554	1261	404	518	838	503	319	331	544	662	161	322	563	396	44	170	416	343	190	0
4442	4437	4463	4455	4435	4415	4439	4435	4429	4445	4413	4439	4420	4470	4423	4398	4459	4427	4464	4424	4433	4449	4482	4430	4409	4401	4426	4416	4416	4469	4465	4637	4454	4430	4398	4307	4686	4196	4434	4547	4699	3997	4700	4803	4237	4329	4237	4708	4137	4836	4966	4697	4255	2778	5405	5251	4819	4312	4588	4678	4421	4235	4533	4465	4402	4488	4412	4440	4437	4546	4403	4405	4471	4444	4523	4410	4479	4457	4473	4486	4421	4465	4487	4430	4453	0
380	387	382	389	395	397	395	390	398	412	411	415	426	445	455	461	462	467	454	439	415	440	404	380	407	418	436	429	462	688	692	377	571	518	421	402	648	812	276	1215	1643	1142	790	1876	3258	3327	2905	3607	5333	4553	3679	2275	4323	3544	2926	2443	1602	708	893	994	1067	1132	1125	1305	1125	1190	1227	1097	1208	1162	994	966	913	842	779	732	716	702	709	702	696	702	691	685	669	0
125	87	172	194	97	138	226	186	105	213	232	126	174	278	217	122	276	314	149	192	339	281	158	281	319	184	229	353	291	228	214	214	198	579	591	214	495	1238	1401	1017	1256	1713	1039	438	1954	2802	1575	476	2933	3555	3838	2726	3688	5226	3297	1587	3359	3444	2477	870	2114	2463	1334	544	979	1094	617	146	719	814	384	332	546	377	283	459	386	139	303	400	221	164	351	302	102	0
69	56	129	109	13	112	133	37	108	185	124	33	170	190	59	142	260	174	72	202	225	110	209	318	227	72	326	305	107	294	378	285	220	610	700	141	503	1358	1694	1288	1239	1624	1072	487	1795	2653	1513	501	2967	3773	4466	3535	4031	5865	3745	1878	3807	3713	2638	850	2235	2606	1524	809	932	1125	783	126	804	1072	638	274	641	652	392	400	511	377	252	453	449	253	338	458	341	0
170	139	214	204	127	202	266	192	137	254	251	136	220	304	220	156	304	305	129	245	388	285	148	302	308	173	262	408	313	117	257	274	329	734	515	444	590	1213	1230	997	1543	1886	917	527	2213	2878	1360	781	3222	3576	3916	2925	4348	5592	3242	1439	3596	3495	2558	1010	2160	2529	1311	506	1011	1150	685	98	656	799	408	329	518	336	276	468	407	130	263	383	228	116	321	285	83	0
93	30	123	139	41	83	152	96	70	174	160	42	149	214	131	102	239	227	105	174	268	187	179	306	261	103	299	315	198	235	331	293	130	586	650	56	457	1291	1659	1204	1170	1569	1047	445	1761	2634	1588	340	2824	3594	4399	3099	3624	5454	3735	1841	3804	3711	2613	719	2196	2614	1511	804	1043	1182	810	209	830	1046	598	358	650	601	400	476	519	338	337	495	419	263	407	459	304	0
73	68	152	137	45	133	171	98	113	204	168	67	188	235	135	148	274	236	115	215	288	192	214	326	252	117	332	341	200	261	336	281	187	653	660	98	475	1262	1560	1058	1194	1597	1043	449	1742	2586	1513	478	2872	3624	4294	3095	3804	5529	3507	1953	3772	3435	2467	701	2250	2592	1451	755	1001	1138	784	172	789	1008	579	329	618	578	376	455	492	325	310	470	393	241	374	432	282	0
141	121	204	188	92	176	243	166	116	216	217	107	200	275	181	129	276	264	95	217	358	253	111	278	270	145	236	367	270	111	235	213	333	714	468	451	572	1138	1194	892	1467	1807	897	719	2144	2732	1418	730	3218	3700	3923	3010	4186	5574	2999	1723	3703	3313	2697	850	2119	2626	1358	509	1042	1201	783	118	630	817	477	349	543	383	296	503	461	187	273	417	278	122	336	336	125	0
147	122	204	194	102	193	251	172	118	224	225	116	209	287	191	137	284	282	105	231	372	265	124	281	287	151	240	382	274	140	236	215	346	707	489	452	576	1107	1151	885	1471	1804	894	767	2141	2717	1431	709	3270	3780	3818	3001	4257	5527	2743	1926	3918	3209	2524	877	2202	2648	1340	482	1068	1193	715	128	668	813	456	360	528	355	304	503	436	161	287	406	257	137	337	320	108	0
66	69	162	138	40	138	169	86	113	205	164	57	192	229	123	155	283	245	108	216	281	193	223	321	269	117	327	388	207	270	369	296	220	634	641	171	559	1316	1570	926	1060	1473	1000	594	1731	2508	1498	543	3240	4085	4230	3186	3959	5720	3029	2087	4110	3108	2412	647	2281	2689	1498	684	1065	1181	746	157	801	997	576	314	614	570	369	457	485	305	306	465	381	225	385	422	266	0
224	233	139	176	253	213	157	241	277	175	166	283	279	162	241	332	256	155	272	305	223	242	347	267	132	332	396	259	212	374	267	56	604	849	465	555	876	1351	1207	911	1396	1636	659	886	2131	2677	1225	817	3405	3799	3806	2859	4439	5612	2739	2124	4164	2969	2288	639	2082	2584	1520	607	869	1123	868	209	559	944	711	217	441	575	401	280	414	379	166	271	366	246	136	289	310	0
24	138	161	83	82	168	133	59	180	205	108	112	221	197	80	213	291	176	123	247	243	141	280	343	204	151	363	342	134	306	398	266	275	668	599	206	647	1364	1498	895	1050	1497	958	590	1726	2593	1421	431	3150	3943	4156	3041	4184	5449	2940	2243	4230	3182	2398	662	2161	2622	1540	622	1010	1172	761	171	781	1033	644	260	599	627	387	388	487	359	253	439	431	255	323	439	328	0
62	65	151	128	20	126	152	73	104	193	149	38	185	216	102	129	271	224	79	196	261	151	198	300	238	106	283	362	197	208	308	285	204	604	531	94	572	1297	1585	1091	1136	1547	994	687	1809	2952	1651	432	3091	4079	4414	3408	4377	5538	3328	1832	4279	3336	2330	842	2220	2750	1569	627	1061	1193	758	115	823	1008	565	304	620	577	351	441	494	292	289	460	379	220	381	429	278	0
83	65	154	136	53	117	147	81	109	189	152	58	176	215	115	137	261	220	125	221	255	171	240	333	257	153	327	346	216	278	407	322	151	568	577	127	535	1173	1441	884	900	1544	986	441	1721	2558	1570	120	2675	3596	3993	2309	3376	5210	3488	2080	3955	3177	2007	671	2204	2559	1440	643	1037	1083	691	236	823	997	533	319	617	600	349	405	472	319	290	457	397	232	346	420	290	0
158	131	200	188	125	195	241	161	153	238	203	129	227	273	173	175	281	225	106	271	345	197	170	319	280	87	269	423	218	153	289	171	410	741	515	310	538	1171	1193	1027	1297	1769	936	201	1697	2417	611	1351	3275	3031	3433	2629	4627	4940	2576	1583	4588	4006	3007	1278	2467	3016	1807	393	959	1293	849	107	625	810	460	386	560	398	276	508	497	205	262	435	306	116	333	358	152	0
81	66	156	138	30	117	160	83	87	180	154	41	151	195	90	135	253	203	72	209	264	144	196	328	269	92	283	351	274	277	335	229	178	505	595	302	578	1385	1727	1143	799	944	735	275	1439	2492	1317	1221	2630	3737	3137	2638	4692	6129	3914	1622	4149	3359	2550	568	2078	2531	1649	723	1006	1181	750	225	785	974	557	268	646	637	386	427	502	335	262	447	425	253	355	428	308	0
47	77	144	113	15	122	141	64	108	190	141	42	174	203	87	136	263	219	72	182	249	155	179	296	245	30	256	346	194	216	253	168	209	481	371	220	736	1577	1597	839	925	1217	692	44	1174	1937	1026	1206	3237	4211	4157	3674	4300	4896	2314	2652	4991	4315	3363	800	2007	2593	1439	505	981	1139	777	44	758	972	543	262	563	519	327	441	486	284	271	439	364	185	351	411	245	0
306	312	309	316	330	336	333	335	347	352	358	359	373	381	391	389	403	416	413	419	442	442	429	411	402	421	468	504	388	420	701	723	686	486	774	880	707	326	926	1252	810	105	547	462	217	1249	1211	325	1628	2556	3718	2635	2257	4819	3546	2903	4142	3136	2046	1831	2790	2315	1548	1435	1362	1104	952	980	1008	922	748	706	666	610	532	500	498	470	433	428	408	373	357	352	339	0
240	238	242	242	238	233	236	235	233	233	236	236	235	230	235	228	229	223	218	202	201	214	248	243	223	261	255	282	319	344	323	218	254	384	335	420	482	763	1131	1044	802	576	388	473	764	909	676	919	1683	2174	2625	2763	3294	2524	3077	3739	2871	2114	1865	1442	1312	1253	1211	1116	963	926	843	774	747	705	680	642	624	590	580	570	554	545	531	520	506	497	490	476	464	0
626	328	707	681	632	545	653	805	530	505	772	767	557	689	885	742	575	713	772	891	550	711	602	964	825	370	1035	1398	752	540	1013	2085	1497	944	2230	2293	2086	1332	2459	5539	4210	5986	4630	3779	508	1588	4837	8980	6367	2802	9425	4450	12980	18970	10554	3964	15768	9238	10099	9724	4147	2294	6095	3411	2268	2325	2320	2772	1597	1439	1878	2243	1173	1282	1927	1721	932	1242	1533	1326	1037	956	1296	1133	963	0
227	458	508	344	270	363	597	539	289	538	524	401	261	523	652	404	417	411	697	603	276	461	763	824	289	869	999	1364	196	1589	1588	379	2365	2346	2259	1505	2493	3343	2935	4305	1378	2172	6540	3668	8375	3169	1450	5543	9662	4899	4799	5355	4414	6537	15070	14055	16463	10478	11998	2876	3475	3585	2377	2605	1570	1982	1998	1901	1369	1334	1342	1256	1025	1228	1473	899	829	940	924	785	649	655	849	688	574	0
512	284	306	236	32	140	271	264	307	180	139	143	315	29	179	545	211	596	33	490	243	679	610	942	466	1732	1218	625	2146	832	1914	321	2028	1263	2251	773	730	1524	2939	1922	4932	5836	10430	10849	11698	11195	12449	8371	12777	7832	13579	12213	12946	13517	17790	12391	24330	8268	16359	5471	5203	3517	1253	938	871	938	1417	1613	585	196	969	1012	941	512	1131	245	94	354	617	351	340	104	95	323	316	0
236	245	90	294	415	303	195	415	393	305	316	360	399	393	228	365	563	233	318	452	443	546	136	543	520	681	500	1172	801	293	767	613	1220	386	782	931	2348	821	2767	3526	4315	5373	4917	7275	4334	3818	7394	11087	2570	5328	5533	16080	16990	4151	13635	7251	9784	13335	5968	7658	4838	1717	3563	3156	2186	1233	1942	2067	972	1281	1098	1395	1445	698	1247	1179	750	765	828	843	576	787	465	842	722	0
217	394	471	657	327	680	187	472	393	706	208	461	401	544	350	503	621	848	470	787	278	534	199	259	1490	1471	1694	1649	3446	4495	1462	1135	762	3949	3817	1544	677	1527	3749	6734	6268	3134	1932	5133	11961	7560	6982	16933	16814	9720	4708	13362	7512	4604	5762	1311	1090	11321	14431	5781	2348	1410	3549	1311	2851	1526	1326	732	2108	744	1537	547	1701	1093	943	727	637	111	1014	323	966	377	1066	608	747	0
2702	2889	2415	2043	1555	989	205	396	1210	1837	2276	2623	2789	2941	2456	2197	1588	860	126	896	1811	2812	3433	4041	4401	4288	4210	3687	3272	2338	1461	736	2083	3101	4124	4759	5703	6464	5916	6427	6130	6072	5854	5953	7275	8985	11169	13145	15387	17272	19758	18961	20903	19406	20923	19597	19111	16706	15561	13448	11087	8690	6439	4287	2313	1827	2417	3319	4017	4471	4608	4329	4043	3379	2445	1559	806	370	879	1518	1794	2310	2202	2072	1910	0
393	183	381	285	346	308	289	446	471	262	321	622	483	282	469	422	482	192	237	756	408	169	343	582	442	632	655	1004	1005	1073	1467	1490	2719	215	1930	4296	1438	4892	2455	2611	4302	5542	800	10734	4394	12101	7963	11777	2453	3440	9191	5490	6676	18789	11565	8495	10442	12452	12064	9303	9525	7399	3236	3507	3664	2092	2043	1926	2032	907	1102	1367	1159	777	744	1178	1043	736	951	902	808	679	658	722	823	0
629	571	92	411	438	168	470	468	313	751	401	207	608	908	314	836	957	407	192	852	921	1049	580	640	2525	1350	1170	1399	330	1675	217	3088	1269	892	3735	3839	6042	1129	2223	7038	19398	22047	14313	15420	9461	25128	4643	14033	16776	11363	22560	15452	11967	16334	12243	18733	9477	15376	13648	13356	2616	4754	1363	989	772	684	2148	1413	910	501	422	254	429	691	562	287	562	673	622	250	478	746	610	278	530	0
153	815	1150	694	600	849	705	1019	1117	304	1010	1581	947	215	897	601	1007	1268	434	1061	1697	1104	380	582	925	1936	2071	881	861	1417	1419	1683	1567	3030	4361	2966	1288	5328	5702	1966	5474	9138	8369	5771	4522	812	6924	13315	14127	11149	8757	7588	8265	15359	20456	18610	11656	5331	5737	6220	6483	6473	4980	2525	736	1509	1708	1003	856	1600	1222	450	979	784	858	1493	1062	366	1143	1266	1080	726	47	763	1034	0
1004	773	290	458	756	524	214	649	1028	740	174	1053	1826	1960	1371	327	1192	1682	1298	398	827	1561	1301	397	1059	1980	1589	351	1756	3319	3940	3066	1208	1170	1927	1396	1193	3764	6073	7495	9462	11662	13295	12556	7691	1591	10346	18551	22730	20933	15203	7543	7008	10728	12678	11966	11578	12762	12804	10278	7168	5393	5931	6289	5021	3302	3448	3952	3049	1419	1342	2655	2920	2395	1843	1836	1519	517	961	1631	1766	946	911	1728	2160	0
65	168	333	274	118	281	439	259	75	360	354	61	305	310	133	285	433	230	229	147	217	585	700	522	658	776	386	1062	1911	1805	990	686	591	2240	4712	5717	3359	2870	7138	8799	6994	4629	3370	1741	5178	8043	7106	3839	2467	3347	2573	2377	7026	13578	18581	19181	14214	8358	7172	6667	4541	3150	3095	1858	1009	1650	1042	209	813	299	531	1029	701	72	473	379	228	635	643	424	641	742	464	162	434	0
3309	3511	8499	2695	5100	2531	5155	10477	2297	6639	7498	11897	1225	5577	4639	2336	6120	8691	1591	4476	6707	3641	7545	885	6623	12667	16039	11805	4273	4268	4463	16634	18861	22726	35638	32769	20478	18471	47083	54731	20955	6041	31404	46985	50413	24857	25015	46477	21482	893	32879	7155	40523	41129	1330	7535	46395	53880	42227	26812	60432	16713	16086	9347	12696	1446	5814	12664	3013	15415	7044	4839	10988	6383	3967	4297	5564	8003	6130	5956	3746	9655	234	5161	5224	0
172	87	151	190	128	126	206	180	81	171	225	139	95	211	188	60	160	205	125	131	204	138	104	256	260	135	257	301	143	233	445	436	124	530	759	228	244	1123	1703	1172	621	1440	1136	451	981	2339	1664	183	2779	3997	4318	2518	2668	4626	3435	2253	3368	3172	2021	990	2235	2271	1283	710	943	1008	585	359	937	948	442	391	696	609	302	422	484	318	332	462	383	246	366	398	247	0