34928	35047	35166	35285	35405	35524	35643	35762	35881	36001	36120	36239	36358	36478	36597	36716	36835	36954	37074	37193	37312	37431	37550	37670	37789	37908	38027	38146	38266	38385	38504	38623	38743	38862	38981	39100	39219	39339	39458	39577	39696	39815	39935	40054	40173	40292	40411	40531	40650	40769	40888	41007	41127	41246	41365	41484	41604	41723	41842	41961	42080	42200	42319	42438	42557	42676	42796	42915	43034	43153	43272	43392	43511	43630	43749	43869	43988	44107	44226	44345	44465	44584	44703	44822	44941	
188	162	171	210	194	168	224	232	195	240	262	231	215	289	326	267	274	330	331	302	344	383	327	339	406	449	483	583	667	641	712	812	920	1101	1163	1338	1398	1387	2008	2502	3137	3230	4062	4584	4926	5226	5474	5641	5294	5683	5590	4908	3586	2947	3585	5773	6835	6076	5987	4756	3487	2649	2035	1748	1513	1301	1370	1243	979	851	797	647	516	460	469	376	315	408	347	329	351	335	310	307	364	
38	20	31	19	6	21	34	42	16	49	9	49	26	30	26	24	47	13	37	22	16	39	34	17	46	118	233	120	206	89	120	95	124	256	132	126	402	669	1696	1320	2000	1432	2262	2695	2538	3112	2695	3459	2268	3496	2343	2028	484	1322	4793	6103	6998	4838	4781	2921	1982	1301	322	283	414	184	401	264	171	111	103	150	194	207	97	130	21	76	55	36	73	36	54	44	53	
596	2493	927	2272	1349	3424	1653	1636	2651	1149	2199	1613	1362	1008	2282	1307	404	3365	2221	1262	2912	889	1834	865	2182	5337	1083	5148	2957	4735	3840	3460	1638	12580	3727	24315	14718	28514	8197	19098	5043	3206	26956	19029	52893	1868	4205	28951	13980	52184	13737	800	27408	34673	55369	58178	2095	14264	45088	44093	2285	14044	8828	4552	5533	7728	5552	5080	3395	1410	1551	2303	2756	2001	1490	727	2661	2604	2292	2276	2619	2322	1784	16	1615	
45	16	17	9	36	33	36	39	18	54	9	46	10	37	34	23	61	33	33	26	9	29	34	31	8	107	148	84	135	68	164	82	127	96	157	375	757	913	1653	1474	1606	1271	1072	2261	1912	2424	2450	2681	1877	2196	935	413	2632	3106	5715	6970	6753	4816	4001	2564	1153	791	200	20	447	237	299	202	136	40	104	238	157	198	71	102	46	28	49	2	59	15	37	21	48	
3032	1934	2245	2754	1288	4160	1830	1629	3732	3564	3377	2461	1573	1628	1425	1526	3575	3968	3442	4140	3092	1512	2882	963	3280	3302	1166	8159	2059	2916	5550	8171	4309	14540	9555	21443	26014	34138	2119	23497	17466	16301	25021	17900	58928	10082	33498	18283	19918	4708	1888	23841	4224	13306	60143	47776	58374	34805	37305	36536	12727	20108	8395	5457	11243	9295	5348	3257	2870	539	1996	3188	538	3023	1201	682	3253	1056	1186	1798	3085	2698	2729	3266	3091	
176	166	186	161	192	192	165	202	187	206	222	227	238	243	256	296	241	310	303	275	317	329	282	328	362	441	477	524	603	664	702	851	934	1025	1185	1522	1905	2110	2557	2643	2578	2604	3071	3757	4066	4365	4431	4011	3580	3208	3575	4481	5658	6280	7558	7861	6475	4722	3639	2481	1948	1729	1786	1732	1604	1285	1227	1154	906	728	714	655	514	457	464	408	321	368	390	295	322	374	338	297	322	
172	149	171	172	184	200	158	222	218	231	249	235	267	266	270	285	244	296	287	300	312	318	310	336	392	442	468	532	597	679	728	930	1080	1206	1491	1823	2089	2152	2335	2193	2076	2344	3288	3948	4308	4427	4315	3712	3787	3902	4664	5848	6712	7165	7930	7470	5622	3990	3061	2292	2212	1991	2027	1881	1650	1331	1282	1171	884	764	752	619	465	457	470	381	304	389	383	266	332	371	317	297	343	
42	25	38	47	41	21	65	29	53	31	13	56	31	34	3	26	42	44	21	96	54	133	93	108	166	157	231	126	181	272	271	381	582	474	657	848	1222	716	899	558	842	1627	3388	2934	3770	2791	2807	1114	2523	2120	3401	5223	5981	7001	6251	6801	4970	2717	1405	523	1022	605	885	501	570	229	193	168	196	264	239	245	215	144	103	84	27	52	20	35	40	19	76	30	90	
372	370	313	358	331	330	391	443	441	386	412	439	382	328	432	463	514	591	630	635	834	1009	995	1041	1226	1263	1021	973	1348	1385	1103	1454	1865	1604	1135	2011	2773	3352	2563	2104	2905	3122	3826	4890	5615	6512	5650	4764	5149	4628	4949	6508	6535	8126	6618	4525	2996	2316	3057	2834	2298	2287	1848	1415	1504	1500	1573	1586	1481	1407	1337	1226	1087	1090	1074	1062	987	963	828	797	806	879	818	694	640	
375	495	458	396	374	457	428	443	516	527	471	478	527	463	496	557	572	471	574	709	787	827	958	1093	1147	1216	1169	1147	1256	1369	1215	1149	1229	1291	1261	1532	2036	2471	1746	2101	3602	3997	4476	4470	5243	6157	4715	3331	3787	4129	5237	5772	5124	6236	5446	5033	5317	4288	4188	3655	3396	3599	2762	2178	1977	1963	1940	1877	1694	1611	1592	1500	1402	1331	1258	1178	1064	980	936	887	890	884	856	801	833	
530	414	477	554	500	483	529	517	456	565	562	515	475	560	488	403	442	397	389	529	651	599	766	966	1112	1279	1371	1334	1426	1707	1799	1793	1668	1701	1151	1035	2274	3129	2005	1480	2969	3849	4616	4648	4987	5417	4759	4945	6307	5245	4996	7081	7142	7800	5392	3306	4402	4124	3666	3139	2747	2929	2172	1768	1723	1493	1467	1642	1408	1082	1093	1043	808	758	857	698	574	577	570	484	568	610	485	411	421	
2417	2007	2774	855	2848	346	529	831	2257	846	1814	1098	3237	1224	2070	3544	1227	2321	1098	1626	1500	1482	3454	4693	5472	5361	814	2441	4254	2998	6996	7826	8540	10209	14345	6701	10559	31992	7559	9708	36305	17894	32132	27207	51339	45815	50330	29892	30460	18753	7291	35633	4175	34661	61142	37767	16080	34304	45253	29977	12281	21788	14623	4917	8649	3830	2091	8348	5466	3177	4184	1568	2572	609	1370	3814	959	688	2750	369	2587	2424	1814	1291	4367	
182	212	236	189	206	233	206	200	244	243	232	227	289	267	247	285	305	282	306	330	377	330	405	442	443	526	668	726	798	980	1063	1243	1300	1597	1500	1604	1824	1966	2585	2621	3228	3261	4175	4509	4463	4172	3346	3396	3287	4712	4940	5967	6721	6566	5843	5063	5032	4438	3644	2657	2256	2157	1896	1766	1695	1533	1316	1080	959	888	699	635	614	536	466	477	446	425	383	424	400	348	371	362	327	
65	41	9	25	65	20	135	47	73	48	30	60	23	80	39	56	61	60	48	69	106	192	173	300	251	337	150	320	202	231	249	456	620	1595	1547	2366	1413	2767	2164	3604	2790	3147	2148	1383	1959	989	3041	2570	3795	2028	741	5433	5376	9860	7539	9038	5172	4757	858	1268	413	894	151	653	406	464	308	228	120	273	329	228	255	70	50	44	83	22	70	46	72	60	56	84	25	
200	207	258	217	306	292	302	279	229	264	220	322	302	295	343	373	376	345	361	438	601	549	483	599	738	829	693	558	683	818	1039	1279	1070	1416	2020	1972	1817	1918	2088	2025	1927	2296	2206	1927	2130	2082	1097	2100	3832	4395	5156	5555	4158	3611	4179	5002	4994	4200	3454	2250	814	1081	1473	1415	1005	887	609	622	904	885	669	294	331	428	515	553	506	531	530	575	524	521	511	510	646	
322	328	285	256	289	260	254	312	329	225	220	323	311	263	307	419	445	415	281	227	393	493	400	316	497	615	625	644	648	395	520	1211	1723	1898	1851	1630	1319	975	1085	1401	1414	1379	1530	1709	1921	2157	2008	2023	3530	5372	6725	6432	4375	2679	3088	4330	4758	4019	2963	1940	884	830	1208	1167	922	771	680	547	652	704	498	172	387	510	404	421	481	398	325	451	452	358	462	622	607	
5098	4421	1330	1925	2118	2433	3936	1184	1096	4829	5120	963	4395	3814	2141	1642	5989	6846	1620	2535	4684	4766	4125	3535	4453	2338	6998	6259	6133	1442	8509	7712	7554	5771	18893	25638	24214	53142	15784	34126	29648	12503	58760	13690	6568	38980	20646	41456	44609	16776	30661	10262	51553	40324	17197	28314	55604	55862	19177	17540	34941	26543	24636	11688	11588	12035	7241	5773	5736	3449	8298	4576	5723	8244	5492	3187	1701	4886	2529	5604	2122	6271	4335	6190	3345	
117	53	121	115	247	108	144	138	92	169	106	168	92	46	127	83	139	263	168	295	271	141	123	83	151	175	541	153	367	706	696	1415	529	1859	3103	2749	6487	8087	8484	8762	8372	8271	9388	4129	6947	3644	4888	3040	5680	7700	5875	7205	8493	6761	4650	4530	6358	6035	5488	4588	3505	1694	1299	1428	838	1849	845	1308	1011	568	655	394	325	383	59	94	182	196	78	182	154	228	98	235	191	
355	320	306	260	237	303	384	309	264	313	383	411	468	463	408	479	608	532	397	569	854	864	718	740	929	1057	1147	1204	1050	841	1196	1865	2214	2402	2585	2698	2498	2557	3184	3823	3502	1995	1793	3883	5755	6699	6088	3876	2556	4335	6548	7410	5588	3439	1750	3104	4038	3075	1920	968	758	807	1018	1264	1281	835	475	713	803	561	428	380	456	615	701	570	407	585	718	657	543	606	607	633	757	
2049	4021	2501	2732	952	2761	1677	2714	3759	2411	3235	1569	2566	1447	1299	3467	3100	4342	2369	346	414	4093	1784	3289	2225	4840	1740	5000	3355	5192	8044	2919	793	11073	9821	21135	22289	30947	5624	21080	19423	5972	35131	28626	56715	6524	16693	44428	33547	26476	59567	8497	53296	53611	7321	59509	51774	26855	14763	15713	26301	25540	16298	5953	5092	5978	5568	6337	2376	4918	1458	2238	1731	2816	2733	1759	1227	871	665	1810	525	894	3052	2158	3780	
69	59	57	39	24	21	45	26	66	18	21	51	4	54	55	60	106	125	27	69	96	60	61	169	130	227	287	162	233	300	210	331	232	849	127	738	499	692	1688	1026	2155	2675	1129	2087	2498	2528	2119	3051	5313	4976	6726	4158	6045	3125	7518	6164	7944	4797	5192	3152	1719	846	933	713	741	583	378	375	325	250	256	252	189	196	121	109	75	23	73	21	31	92	52	122	107	
1889	4107	785	1212	3869	3607	2474	3684	2795	1838	1964	4576	4067	1938	673	1902	657	2490	4495	5040	3393	915	1805	505	3254	4955	4253	3508	7818	4337	5269	12697	8505	7420	4027	30891	27068	22171	20552	14574	13589	14540	22295	51307	50680	8489	20417	45246	6079	10036	23707	47610	36674	40106	40121	53938	56471	10743	31702	23184	30061	28821	11549	6296	8786	13852	4198	7862	4115	4505	3554	1803	3776	241	1959	869	1144	4255	1372	837	2419	2642	1095	975	3607	
41	93	108	71	124	81	88	46	33	104	112	118	96	95	68	106	56	103	133	309	99	257	173	350	209	286	445	809	562	1094	1101	1662	2666	2795	4253	4794	4892	4343	6026	3925	3952	2352	8416	7708	8297	4669	6159	6652	5267	9380	5823	9211	6180	4583	2246	1711	6658	6079	3902	3310	2412	3265	1767	3037	1357	1895	692	436	186	315	124	295	103	238	82	91	113	111	223	22	195	213	239	64	111	
404	433	348	304	262	157	272	433	471	339	348	400	383	302	342	432	515	573	513	368	342	459	529	778	1106	1288	1086	719	517	782	1149	1479	1700	1767	1940	2079	1861	1501	1992	2738	2996	2291	1816	3054	4876	5858	5278	2657	481	3295	5836	7074	6403	5569	4830	3623	1922	2420	3180	3385	2571	1334	1192	1460	1248	895	883	888	714	573	559	522	518	440	326	302	463	501	496	573	616	586	477	489	464	
471	422	359	372	397	373	454	516	526	435	493	562	548	458	529	648	689	707	650	615	629	735	696	694	903	1218	1372	1305	1042	741	554	1170	2288	3229	3807	3463	2145	469	1591	2368	2290	1195	2003	3546	4662	4847	3666	1807	1520	2444	3725	5928	7005	7144	6049	3266	1256	3302	4169	3687	1970	1225	2019	2121	1495	941	959	818	581	726	894	753	576	503	511	560	611	537	487	585	653	571	434	529	613	
216	357	394	268	158	240	204	165	223	234	109	190	239	114	191	399	461	386	358	279	275	466	615	608	716	855	761	480	728	1150	1084	837	1284	2104	2585	2603	2218	2436	3183	3566	2499	191	3102	4859	6129	5867	4523	2217	707	3037	5734	7248	6147	4571	2741	514	1796	3069	3864	3768	2286	725	1288	1476	1219	876	788	420	222	652	653	332	304	435	286	376	557	474	439	654	698	460	429	596	520	
1736	2727	1907	1765	2614	1521	3335	2734	1584	2729	2789	169	3094	4833	2866	1055	2481	2498	905	452	3056	7327	3063	4374	5089	2317	2571	6117	8293	5385	8131	10686	3594	7616	7067	30439	17057	27938	26917	12246	30886	43396	41010	44067	611	20679	9612	26844	43547	9705	35783	33602	7931	32993	11876	4581	41375	64296	4826	25646	35638	14124	15043	4576	7981	14433	3431	11472	903	2812	1360	1438	1630	2890	4506	2965	5437	691	1633	2859	1300	2510	6641	519	1207	
196	218	255	244	262	262	316	299	302	356	353	370	361	398	413	394	458	430	453	484	503	553	522	644	659	701	775	817	931	960	1052	1166	1199	1483	1529	1713	1792	2003	2412	2785	3145	3224	3568	3560	4107	3947	4310	3798	4070	4273	4496	4535	4471	5010	5058	5267	4350	4142	3455	2904	2207	1956	1870	1632	1571	1519	1442	1326	1151	1069	985	856	829	770	758	670	661	646	589	601	581	578	536	503	518	
151	165	176	171	190	196	196	217	223	232	238	255	260	256	277	282	297	298	310	332	335	365	387	413	449	494	567	598	686	761	865	961	1015	1118	1188	1237	1375	1406	1487	1439	1713	1914	2170	2248	2625	2861	3138	3087	3339	3397	3581	3508	3466	3364	3203	3182	3020	2652	2204	1786	1497	1358	1255	1116	1024	950	888	794	749	679	602	548	511	488	442	427	423	394	381	375	371	342	339	333	309	
63	13	149	71	110	31	103	50	77	28	122	73	75	13	84	84	128	91	72	97	150	194	166	144	187	157	180	227	135	214	118	134	133	226	538	352	588	672	1942	737	2860	2548	2864	4481	1895	4556	3147	7116	5321	7554	6033	10073	8145	8408	4913	6337	4199	3377	696	2019	769	252	1321	625	822	474	450	689	424	580	328	334	251	227	143	98	70	26	108	23	104	10	166	88	205	
233	225	151	119	250	268	222	315	366	290	238	344	326	274	402	546	453	349	406	419	308	394	498	392	667	1059	1147	768	306	510	756	1145	1805	2288	2342	2233	1824	990	656	1609	2081	1520	1428	2906	4327	4546	3191	994	1374	3039	5307	7416	7330	6040	3824	1032	1437	1601	1398	1427	1525	979	350	773	1016	727	359	351	229	394	761	742	372	211	494	464	330	473	516	362	419	571	413	144	394	
339	397	449	340	270	332	341	338	341	318	152	223	320	259	194	363	497	502	504	412	408	565	686	542	533	804	837	495	586	1096	1280	1300	1495	1829	1896	1962	1907	2049	2985	4368	4939	3613	1096	2011	4243	5036	3730	1641	914	1778	3487	4429	3380	808	2633	5901	7808	6928	5039	2824	1647	1362	1005	1411	2005	2012	1494	844	552	608	559	473	544	691	708	615	605	622	566	524	632	688	613	503	519	
315	345	184	159	271	212	138	307	370	187	112	260	238	61	273	347	278	372	422	280	248	528	519	347	611	924	792	374	277	563	875	1266	1408	1312	1917	2822	2918	1701	1662	3368	4424	3567	1607	2156	3884	4367	3507	1707	274	2720	5946	8670	8337	5835	2898	2236	4942	4815	3745	2628	2012	1383	744	1054	1406	1365	1080	833	476	384	666	631	220	329	629	511	333	474	547	412	407	440	262	237	551	
5190	3244	1848	2390	3900	3572	2318	2892	2966	2859	3869	2913	6185	1911	6252	4857	6514	3386	3171	1978	4410	4817	3448	2601	2859	4981	5994	3651	7821	6827	5234	20097	3619	3489	7247	26519	29102	29513	25346	26544	29870	43695	11847	35252	15348	39179	30352	34305	33507	26230	4781	26057	59862	19986	8938	47640	62244	49160	11764	47724	40670	28440	15081	10119	2671	9188	7875	8700	7160	4080	4546	1215	2326	2543	1035	1090	2508	1550	2794	1901	1132	1967	2162	1005	266	
149	143	188	176	163	173	196	207	158	202	198	199	191	203	197	178	212	188	201	183	224	192	209	219	239	250	291	404	436	562	685	868	981	1111	1277	1325	1383	1436	1421	1328	1016	849	925	1255	1388	1849	2316	3277	3647	4554	5313	6088	6262	6590	6236	6172	5446	4726	3778	2937	2302	1891	1739	1479	1392	1224	1135	1003	942	851	830	786	707	667	614	577	545	533	498	477	454	437	412	387	334	
167	193	177	199	199	220	206	200	223	222	237	227	264	254	270	256	276	248	242	268	247	285	269	336	340	390	469	525	537	569	626	655	669	604	538	674	785	985	935	847	968	1301	1215	1521	1979	2627	3380	3797	4024	4144	4967	5212	5520	5987	6210	5925	5541	4687	3745	2926	2249	1763	1492	1381	1292	1196	1075	991	891	782	718	653	590	546	551	543	521	504	508	481	444	466	451	426	402	
277	264	278	290	314	352	323	378	362	398	372	420	422	449	443	447	455	453	517	585	638	658	797	898	983	1119	1215	1351	1433	1631	1676	1937	1947	2213	2380	2738	2966	3551	3777	4313	5042	5410	5860	5899	5540	5566	5651	5781	5360	5141	4644	4616	4067	4319	4380	4963	3904	3167	2365	2468	2216	2363	2109	2105	1940	1899	1704	1532	1387	1227	1073	935	799	649	605	536	464	434	401	400	386	406	414	378	387	
88	88	113	128	149	163	184	167	175	158	178	144	162	162	149	144	157	134	115	106	136	130	148	181	198	199	244	363	471	699	929	1138	1321	1444	1593	1499	1304	998	596	227	344	844	1353	1456	2021	1892	1641	1151	854	1191	1857	3233	4483	5412	5805	6415	6404	5913	5175	4454	3941	3241	2575	1920	1478	1142	910	759	655	488	354	196	108	120	197	234	255	259	272	262	266	271	279	276	253	
265	263	280	236	280	264	274	237	314	306	266	257	291	266	235	250	278	307	346	397	393	409	369	428	360	449	493	598	587	654	616	672	611	565	379	566	644	1192	1815	2506	2956	3757	4273	5004	5682	5642	5656	5611	6378	6200	6112	4874	4847	4323	4509	3505	3258	3210	3522	3522	3431	3097	2981	2751	2552	2179	1916	1566	1337	1114	1006	888	818	773	735	681	595	579	521	452	387	405	338	322	331	
143	166	158	169	151	181	156	168	161	196	175	192	199	221	221	253	256	274	267	285	300	293	361	386	451	470	570	651	729	810	851	891	844	890	828	825	826	927	980	1013	889	1086	805	1258	1253	1727	2042	2811	3268	4149	4501	4800	5454	6337	6546	6566	5859	4932	3892	3045	2398	1883	1506	1273	1091	945	863	832	786	735	729	698	654	620	619	580	536	526	493	460	434	439	411	393	379	
222	265	271	270	246	284	274	281	303	304	301	294	331	327	331	352	394	396	414	431	477	510	499	553	571	597	634	705	739	795	880	1071	1079	1191	1212	1414	1589	2165	2423	2965	3472	3761	4520	4736	5444	5940	6498	6241	6848	6369	5717	4907	4108	2982	3150	3102	3111	2825	2634	2279	2202	2116	1991	1967	1817	1688	1468	1372	1161	1065	894	815	683	607	520	491	435	393	387	367	374	347	356	292	317	
149	170	189	146	192	196	207	214	268	275	270	289	317	350	299	348	349	372	367	406	412	404	381	383	386	394	468	520	610	795	976	1171	1360	1690	1886	2224	2631	2905	3198	3563	3776	4060	4272	4057	4298	4702	5084	5541	5405	5816	5923	6362	5689	5871	5919	5862	4489	3545	2513	2192	1689	1360	1190	1113	1071	899	740	630	490	483	453	503	501	581	593	601	578	591	574	551	510	497	478	458	464	
143	24	95	190	119	97	60	90	88	176	56	137	167	214	144	205	210	199	200	269	204	342	154	475	121	564	111	497	648	249	1060	194	1131	1441	2631	2533	3240	3212	3471	4271	5291	6737	6962	7342	8185	11376	10066	7844	11157	2230	5099	5949	9065	1753	5241	3321	3583	2882	1665	4282	2734	2289	1602	1796	1339	1274	1175	445	946	361	510	302	189	353	107	298	210	161	268	118	269	136	85	59	267	
431	560	484	421	436	409	326	411	394	310	253	348	350	325	377	337	427	578	616	442	539	717	590	326	752	1124	1155	1059	1011	1007	1143	1320	897	1093	2677	4177	4579	3416	1655	1333	2389	3392	4044	4263	4121	3514	3089	1874	1589	4313	7205	8439	6739	3699	1170	2465	3734	3901	3577	2863	1786	1773	2242	2173	1572	1198	1115	785	517	762	769	535	552	646	504	472	649	648	574	668	721	553	462	486	437	
213	205	231	203	152	201	208	230	221	235	227	227	237	268	228	281	257	279	278	329	355	376	430	431	321	394	589	583	693	806	680	297	903	671	834	1264	537	1520	1527	333	1169	501	1858	2771	1946	2518	3272	2758	2585	2596	1722	2434	3589	2670	284	2347	3335	2574	1185	873	964	1253	1177	718	317	487	518	461	523	630	599	443	431	433	461	417	423	397	357	380	389	347	361	368	383	
449	405	330	203	144	179	290	358	382	373	303	193	128	150	251	308	320	308	279	293	421	570	703	787	749	629	429	240	399	794	1223	1529	1700	1798	1747	1693	1461	1334	1507	2038	2650	3108	3144	3140	3093	2683	1923	1468	1800	2534	3751	5278	5745	5942	6069	6225	5813	4729	3845	3021	2174	1042	589	623	798	905	829	580	252	234	544	824	1014	1059	974	766	488	137	212	502	743	872	876	812	626	
418	446	437	384	395	459	509	508	557	529	544	540	634	636	642	630	708	717	791	937	1119	1062	940	923	1166	1491	1607	1643	1689	1890	1955	1673	1296	1913	3065	4136	4490	3543	1658	275	2372	4039	4191	3170	2774	3882	4970	4611	3963	4617	6418	6527	4017	2910	3689	4744	5339	3563	1592	1633	2561	2843	2720	2681	2284	1410	656	967	1165	968	840	868	827	723	847	829	741	689	847	847	775	761	789	696	692	
1723	1425	1760	1314	843	1508	2741	3124	1619	899	3637	2663	804	1231	1754	2618	1662	562	1039	4103	1932	2603	874	3080	1027	3754	4252	4180	1435	6966	11205	9053	2420	3777	10139	15764	43137	28585	19996	11246	24977	36737	5100	26458	28579	38334	10610	11235	53587	12848	53989	17849	63349	58718	13209	25374	65106	37892	25311	17857	25247	19013	21863	4605	8008	2891	6326	2474	7263	1999	4133	2330	4211	1804	3951	1969	3959	3984	2962	3131	3685	768	3085	1870	4604	
27	31	35	85	8	59	73	87	39	21	49	14	48	57	33	54	79	52	108	82	120	104	91	200	143	293	198	348	307	457	441	818	747	1112	458	648	473	880	817	1013	1909	1517	2237	2372	3972	1832	4251	2147	4997	4100	7873	5348	7069	3039	6227	6177	6181	2973	2377	1058	662	433	568	484	455	286	534	415	508	381	225	355	187	233	56	130	58	90	80	66	76	50	109	95	70	
2702	4076	889	2050	1729	1607	2017	3716	1711	1776	2949	3884	3842	1804	1166	2387	3913	3597	892	1426	1448	4085	2565	3458	2641	3365	5527	2206	4500	5617	4661	7909	5937	14887	5427	24878	40447	31159	34882	29067	16861	54423	11045	30820	31857	45795	16647	2175	46160	47149	25567	24764	47113	54834	5053	49540	49962	50641	22603	21226	37800	31230	12547	5335	4033	3323	2326	5988	4451	2145	4388	2942	143	1262	1421	702	3350	1807	2023	1153	1727	1137	1474	2294	2153	
168	230	206	239	234	271	249	266	278	282	271	310	337	344	396	422	463	449	504	471	479	457	478	482	496	469	528	555	626	721	888	994	1237	1548	1738	2030	2121	2302	2168	2286	2204	2319	2286	2468	2711	3136	3997	4984	5945	5938	5941	6123	6381	5869	4622	3681	2882	2453	1832	1658	1499	1623	1632	1547	1331	1074	936	814	737	656	675	644	619	566	560	539	510	530	533	512	500	503	468	437	390	
129	129	108	117	59	110	83	147	113	143	96	111	112	117	126	141	215	29	240	38	207	64	87	163	268	267	225	420	111	447	50	453	349	865	944	1812	1681	2453	2543	2601	3368	2946	2576	2200	3111	4971	6412	6607	7093	5863	7958	6826	6635	785	597	4442	3691	1657	3769	1518	2005	994	2179	820	866	597	258	468	161	324	191	281	154	237	196	106	167	118	202	136	187	71	252	45	195	
1847	1154	4163	1596	1744	3081	3614	2540	3395	1464	1835	2771	4068	3526	627	1455	4266	4145	2671	2145	1786	6301	3459	4425	4571	2239	5289	1457	4014	1411	11198	11535	3777	8627	5165	19410	48981	40349	24202	28055	25003	57027	19881	26565	20531	34412	60549	36462	3392	28114	49709	37570	13092	18844	8637	13989	14809	24432	5590	26123	12455	31803	14898	11513	6725	5130	6840	1459	1663	7236	5760	6445	2636	1587	2098	2547	389	2261	2258	2065	2485	3164	2423	2123	1745	
237	255	293	255	288	281	342	291	335	322	359	325	356	329	357	379	408	373	392	400	391	369	421	438	513	533	613	661	726	835	951	1062	1274	1412	1567	1528	1705	1626	1745	1921	2428	2947	3500	4284	4840	5183	5383	5353	5094	5006	5190	5091	5055	5495	5754	6056	5610	4862	4261	3777	3162	2633	2339	2067	1862	1769	1601	1516	1295	1152	970	871	718	683	607	581	487	483	444	429	418	445	414	375	387	
274	302	318	309	355	363	379	376	413	421	447	446	490	489	522	566	599	599	645	695	697	730	780	851	894	958	1022	1134	1184	1346	1414	1512	1586	1742	1884	2056	2327	2580	2985	3117	3330	3332	3259	3140	2963	2870	2870	3256	3529	3993	4514	4725	5174	5311	5034	4092	3637	3079	2644	2103	1944	1736	1751	1703	1703	1566	1470	1364	1253	1152	1069	1004	927	867	794	737	673	656	617	594	578	582	559	546	519	
224	253	255	252	275	273	284	268	313	303	334	333	382	384	414	437	475	470	488	514	545	559	611	683	701	769	805	915	919	1069	1095	1292	1325	1548	1642	1791	1729	1920	2060	2128	2141	2383	2632	3037	3562	3930	4056	4031	4030	3932	3975	3861	3693	3521	3145	3327	3279	3050	2511	2212	1946	1844	1537	1379	1187	1155	1102	1088	1025	990	901	842	776	750	689	673	630	629	610	572	563	542	518	480	479	
209	233	263	251	288	303	308	327	357	381	342	362	400	407	371	434	457	487	504	544	591	607	634	661	706	749	895	1003	1159	1279	1487	1670	1874	2030	2195	2446	2735	3315	3710	3796	4186	4595	4711	4952	4686	4202	4010	4237	4355	4622	5356	5511	6063	5539	5479	4629	4619	3167	2741	1972	2120	1856	1916	1722	1704	1641	1447	1248	1029	931	757	768	665	671	604	594	516	526	510	504	494	477	483	465	471	
157	168	171	162	140	186	154	215	214	273	233	287	290	322	302	314	328	383	372	452	460	533	526	562	536	594	656	677	702	905	978	1237	1293	1599	1774	1998	2308	2651	3226	3305	3938	4036	4313	4229	4455	4657	4426	4013	3735	4963	5575	6931	7145	7181	6227	6794	5399	4713	3573	2963	2505	2416	2187	2152	1877	1697	1439	1345	1149	1051	964	915	849	798	793	694	688	654	647	584	600	553	569	474	482	
122	80	58	74	117	103	90	71	58	94	74	80	44	123	33	146	93	168	86	114	96	91	139	55	224	34	312	134	598	439	818	609	939	777	1380	1267	2297	1523	3302	1393	2197	2915	3677	2267	4280	3292	3792	3764	7925	6142	7315	5966	5321	6560	5881	4614	2709	5047	3097	2882	1189	1240	457	494	722	440	331	264	254	57	288	108	142	100	205	64	99	110	89	121	57	205	56	151	52	
3183	5980	1365	3357	4076	4812	4486	4489	5006	1707	4690	4091	1643	8825	8309	3721	7162	6734	4841	9284	5502	6195	10415	12965	3071	9858	3599	16417	8004	12627	10347	29915	8645	18219	13022	35409	18563	38444	18921	25497	6305	64015	55513	12437	19379	59811	2760	54269	5141	34142	19551	2705	37284	16608	18648	40359	24675	19346	61619	7859	51832	25292	32452	8390	14835	15765	12385	4175	14787	10270	7091	7648	1428	7170	8163	11277	6554	5941	4386	6310	5293	7457	2336	6825	704	
239	232	259	255	258	317	270	294	249	328	281	316	315	332	321	308	366	313	400	422	544	529	600	669	745	868	974	1223	1252	1446	1589	1746	1933	2060	2591	2704	3401	3498	4242	4111	4291	4303	4082	4149	4162	4158	4950	5677	5966	6211	6293	6072	6489	4602	4266	2937	2772	1937	2179	1890	2129	1909	1753	1588	1261	1047	731	699	564	612	553	544	460	410	419	372	409	386	441	378	388	343	338	322	316	
83	34	69	91	161	117	175	91	66	146	69	207	82	164	81	248	210	165	237	102	406	106	298	262	86	408	432	323	1026	760	1473	953	2138	3082	3244	3878	3176	5902	5443	8016	4949	7296	4010	10414	8686	7130	5401	4225	8161	6025	1834	4460	1471	3468	3015	4482	2407	2782	535	1778	2006	2384	1680	554	998	121	652	238	482	356	148	606	40	264	222	173	53	248	81	186	182	114	106	94	137	
205	312	327	249	214	275	203	196	317	313	221	323	478	408	244	348	459	347	345	509	514	304	373	506	442	465	651	639	589	1103	1496	1339	509	998	2123	2720	2902	2562	1363	535	2331	3990	4697	3766	1962	1424	2691	3371	3632	3963	4181	3245	1868	3099	4519	4947	4995	4481	3469	2331	884	983	1806	1864	1306	893	878	782	732	828	754	379	315	567	522	367	552	657	541	463	573	586	511	582	636	
426	510	461	369	427	362	307	454	550	469	454	562	556	515	538	543	436	607	765	696	561	690	751	650	828	1050	974	672	966	1617	2087	2094	1388	730	2399	3790	4555	3829	2023	378	2081	3615	4435	3717	1297	1984	4608	5577	3634	1872	4660	6447	5788	2442	775	2240	3402	3913	3914	3394	2092	111	1543	1988	1478	799	770	722	718	932	876	511	572	768	645	648	825	784	495	589	710	545	403	605	686	
516	580	608	503	498	471	438	437	509	527	410	347	385	488	510	567	644	782	848	883	956	1041	1088	1022	1073	1195	1364	1172	688	1152	2301	3023	2852	1742	1898	3570	5039	5328	3796	2015	2918	5258	6007	4510	2013	3019	5082	5058	1839	2298	4424	4843	4052	3575	3690	3217	4147	6031	6828	5690	3606	1573	1989	2646	2387	1748	1095	639	801	923	703	658	792	754	799	1085	1140	882	747	908	967	846	779	640	580	
289	231	165	225	324	320	303	257	218	177	224	220	174	248	334	312	146	242	387	416	424	529	562	510	569	745	903	847	697	826	1286	1593	1337	762	1470	2541	3250	2732	1563	1962	3319	4354	4312	3251	2047	2401	4117	5144	4634	3027	2047	3167	5295	5931	4537	3199	1383	785	1888	2071	2088	2001	1700	1266	979	1091	1135	873	399	345	508	488	479	456	438	467	576	611	552	544	552	503	387	358	390	
1155	1793	1778	2450	1275	2232	2373	610	1305	1907	2438	1249	2300	372	1060	1868	1929	897	1191	1193	1100	493	2892	891	1691	2235	3683	3005	422	4173	4534	12678	11520	2189	7070	11940	37975	38225	4759	23961	23385	21522	42616	30859	28742	44007	40882	13600	8450	23883	5354	32812	63607	53344	31593	36097	57522	31098	28478	12358	21617	20988	17209	4354	6780	2812	1563	3161	1394	1680	1689	3709	2309	781	1029	2337	3003	1999	1805	1176	1556	3821	1939	1809	2644	
81	145	196	136	145	50	186	117	152	153	179	104	89	180	96	195	194	53	259	399	78	161	311	278	363	545	302	691	148	594	798	1576	960	1828	770	1837	2716	1408	1803	4638	2217	2977	1530	1291	1317	6556	9411	7342	6161	8761	4462	3122	9625	3899	12445	8613	10006	1894	1161	3166	1554	2892	3145	1611	1202	932	600	345	1141	321	648	768	293	356	290	146	276	245	196	271	184	131	335	132	138	
407	498	536	415	333	493	513	379	363	478	419	361	538	607	484	596	771	703	462	536	706	628	561	734	886	920	953	775	457	1013	1677	1921	1448	991	1176	1343	1710	2482	2694	2106	1778	2839	4142	4119	3844	3745	3538	1360	2974	6483	7960	8257	6213	3768	2952	2811	2164	3084	4084	3994	2565	278	1928	2499	1951	1154	947	915	538	724	902	689	525	765	750	510	652	808	719	578	762	728	526	557	824	
617	605	582	685	688	654	630	723	686	588	575	674	733	771	845	844	873	941	990	836	777	875	983	952	1033	1206	1236	1000	924	1423	1851	1738	970	1380	2660	3331	3095	2142	1635	3123	4257	4763	4214	2235	3147	5301	6611	6323	4315	3087	3370	3672	3309	4105	4436	3666	3841	5150	5515	4480	2906	1849	2721	2984	2481	2037	1752	1439	1250	1276	1077	889	1023	1122	1012	1046	1160	1039	930	1080	1210	1032	925	944	914	
588	595	776	670	511	648	750	594	589	719	702	696	869	895	624	717	960	881	643	962	1202	1046	919	1090	1082	976	1198	1344	1384	1877	2344	2000	1281	2073	3096	2956	2238	2027	2133	2517	3773	4706	4567	1705	2099	4276	4587	2916	2817	5909	6287	4830	3103	4824	4969	3269	3211	5239	5686	4402	2315	1268	2279	2515	2344	2066	1442	929	1288	1337	946	885	1198	985	711	1078	1273	965	831	1109	1123	896	929	1103	1013	
2720	4285	2463	943	784	1374	5179	5471	2125	1249	1173	2830	3994	4243	3203	1799	1679	3035	2074	3894	3808	3207	1471	4848	1070	2823	8111	8032	5573	8709	3529	17912	17651	4693	4112	21868	15558	47085	7985	19075	9885	23066	27657	29007	9816	64851	19073	27711	13990	38942	44410	52080	16889	50016	21546	52868	30919	38578	12200	30214	28930	29888	25424	9360	6032	4511	3166	2111	6658	3025	2669	2839	3566	2457	1392	2478	1566	1302	3791	2491	1479	3371	2934	3737	3084	
192	183	239	210	214	206	223	238	210	246	241	237	248	258	275	232	268	256	280	294	336	375	366	436	444	440	405	427	498	577	744	840	1090	1224	1401	1562	1511	1685	1424	1259	1169	839	1083	1544	1980	2813	3589	3910	4821	5281	5997	6003	5962	5927	5164	3511	2479	1437	558	325	514	770	881	895	991	1026	1034	988	882	808	691	594	525	489	468	424	415	389	363	333	324	324	296	310	297	
10	50	81	54	81	63	89	23	94	36	93	38	68	52	70	125	92	44	21	126	85	281	37	141	137	130	224	364	284	108	1060	404	874	445	722	943	357	856	687	207	307	979	573	2473	2019	3692	2972	5378	6161	5450	6090	6889	4620	5944	2609	4824	4863	4595	1968	2655	1616	631	1059	235	345	532	134	403	230	239	211	108	260	78	157	81	135	66	64	97	50	92	13	132	28	
362	356	488	461	327	291	442	353	275	359	357	273	341	435	343	376	552	610	449	484	597	640	584	595	755	917	968	596	467	1579	2486	2701	2013	841	1371	2332	3159	3609	3357	2352	1310	1612	2812	3550	4045	4322	3538	945	3644	7148	7799	7155	4223	1982	2612	2806	3928	5501	6219	5466	3827	1480	1514	2318	2240	1678	944	398	658	867	686	365	465	573	490	566	729	644	476	520	576	365	306	490	524	
303	369	472	483	470	552	518	431	512	562	437	354	603	640	577	616	763	592	442	700	886	756	688	824	904	1077	1166	947	788	1709	2312	2208	1401	1528	2092	1894	1703	3123	4199	4113	3237	2833	2701	2158	2886	3722	3529	1549	3476	6846	7554	6893	4376	2602	2595	1906	1789	3431	4035	3475	2350	1812	1953	1985	1969	1925	1429	843	1286	1517	1068	632	951	985	653	850	1124	922	701	1024	1140	857	828	1066	1006	
534	538	541	514	497	495	473	448	474	550	582	624	645	612	515	568	667	662	604	702	837	811	641	507	598	726	804	804	1021	1386	1532	1271	983	1436	1932	1945	1647	1690	2018	2384	2606	2543	1870	410	1979	3292	3957	4198	4463	4618	4352	3239	1291	2026	3218	3359	3681	4416	4458	3852	2725	1650	1765	2165	2138	1685	1165	1017	1231	1246	1124	954	918	846	803	838	941	957	879	881	880	849	745	709	720	
557	575	604	598	625	626	647	637	641	581	617	695	744	695	709	715	673	550	573	699	778	833	897	1000	1060	1084	907	646	930	1699	2201	2314	1923	1511	1286	1394	1562	1902	1906	1936	2218	2408	2416	2009	2703	3599	3990	2621	287	3593	5333	6192	5741	4315	2624	1719	736	2477	3881	4301	3837	2439	1519	1671	1911	1875	1739	1430	1146	1090	1160	1074	985	1040	1035	816	704	832	831	705	760	946	967	855	811	
319	362	401	370	315	426	434	360	427	497	366	274	473	495	480	564	647	592	591	606	512	591	796	817	660	921	1118	854	39	1012	1955	2498	2589	2043	1300	1197	2054	2465	2311	2211	2266	2665	3460	4037	4178	3709	2714	1409	1010	3769	5840	7301	6341	3859	1442	538	2124	3506	4408	4533	3688	1965	1089	1471	1584	1400	1010	480	529	878	803	450	396	450	277	436	672	612	541	689	689	549	495	539	436	
338	323	274	336	358	325	325	323	305	327	305	286	355	349	362	444	416	392	365	357	542	537	478	790	880	678	969	1438	1437	1043	1237	1928	2178	1821	1759	2041	1712	875	571	452	576	1245	1337	1831	3094	4297	4900	4343	2588	3038	5130	5493	3699	1039	1579	1842	1189	361	1100	2500	2907	1961	1286	1994	2176	1727	1216	996	1151	1094	740	786	872	707	744	734	587	698	690	553	677	654	468	566	645	
3679	2001	4056	2825	2605	2229	3017	2836	2435	2444	2307	3862	3109	2810	867	1283	623	2428	1496	1572	3446	5273	3995	2876	6713	2409	3575	4948	8040	3541	6213	11790	10186	7500	3574	16484	45592	30018	23511	2417	45858	25844	23826	28193	27201	5643	45609	48615	12324	62915	38492	26132	49212	56024	28728	28029	4754	12500	12472	35919	34072	26510	11220	8958	8027	6069	5458	10586	7559	2719	4172	4971	1530	1690	1805	2744	4666	4041	2201	3789	2345	2327	1948	2705	2378	
133	26	71	41	38	76	27	58	50	44	58	47	82	98	19	97	142	150	116	45	133	79	94	146	78	315	146	237	369	483	327	693	540	1212	560	817	1415	629	633	920	275	765	1059	1945	1325	4160	1764	5774	3078	8288	4514	6673	6440	5090	4531	5018	2294	2845	848	2085	168	1049	83	722	430	429	549	361	430	423	176	350	104	146	138	15	110	53	68	93	19	89	47	24	114	
2115	448	2014	1013	1487	1674	1630	1123	1084	1447	1309	1314	1870	1736	1071	1645	1287	1955	569	930	1019	887	1288	3381	1569	1739	2429	4497	5643	2797	2156	10341	8165	7536	6219	9220	19952	33557	10179	13109	12880	16919	19324	21731	15543	42598	37236	52891	39304	54240	44306	12580	9566	53060	8403	41666	18820	22250	6128	22820	19141	17257	13705	6760	3102	5758	2756	4759	4346	3439	2350	3443	3489	985	1335	2788	2553	2972	1966	799	478	1024	1672	1118	1670	
137	156	71	66	116	132	198	59	125	81	103	159	132	145	168	134	385	174	224	182	235	389	212	367	540	180	372	733	503	580	572	617	436	810	393	1529	1871	1149	461	1546	695	3661	1951	3537	2405	2627	5467	2261	8599	6476	7534	10017	7698	12059	8954	8244	6725	8191	5311	2645	4355	1874	2199	1215	1182	876	506	254	252	308	203	361	325	96	322	170	47	175	143	70	181	36	155	210	106	
477	522	562	551	600	569	594	579	671	694	744	754	768	656	607	641	644	556	552	778	904	906	891	1162	1395	1403	1072	1103	1853	2583	2716	2151	1059	1195	2407	2902	3134	3049	2921	3303	3666	3755	2840	773	1655	2547	2798	2539	3401	5557	6537	7507	6657	3507	807	2198	4978	6437	6092	5050	3500	2141	1923	1935	1924	1830	1593	1219	1349	1548	1361	972	912	1034	901	802	943	1026	870	911	1101	1110	874	751	794	
1741	1762	711	1334	318	628	1060	1801	2006	1864	2312	594	837	575	1693	618	1355	1022	3605	2201	2333	1842	2264	3822	1571	933	370	3550	5214	4387	4013	11562	6079	3009	8183	8444	20681	32013	15271	7427	10537	9713	36693	41574	33178	36566	35829	64760	46953	43084	24088	59822	51365	14780	60031	25202	30668	21307	1783	22122	28877	20908	16947	6245	2708	7051	3292	5886	2863	3198	53	1563	2365	1289	1261	2361	1157	1146	1393	1025	1704	2281	1024	1080	1646	
232	201	254	61	166	149	41	192	20	137	85	79	171	76	223	96	230	332	327	217	730	123	695	413	705	455	299	822	1289	1973	1065	2245	2072	4172	1608	3191	4250	2268	851	1905	880	1290	4461	2108	3331	6278	8887	5198	3403	9592	4977	10234	11816	9090	15024	15042	9925	11077	6931	6234	6756	3712	4058	2836	2131	1257	1055	828	817	1375	818	1163	968	356	811	481	297	500	238	336	282	165	201	175	121	
413	414	432	332	312	419	417	327	379	510	426	271	362	512	468	555	685	650	536	627	754	740	804	856	808	930	1337	1366	862	847	1879	2432	2027	846	903	2066	3155	3672	3156	2265	1768	3356	4814	4574	3789	2984	1687	881	4009	6126	7054	6889	4118	661	1243	2423	3744	4290	4058	3500	2139	1107	1744	1941	1612	1159	836	714	871	910	666	325	597	745	620	594	777	764	625	717	896	796	574	578	644	
666	701	712	632	592	736	746	705	703	821	793	768	871	938	790	775	1013	1104	1030	977	1012	900	886	1122	1374	1527	1596	1342	1016	1548	2442	2728	1932	860	1943	3131	3759	3879	3454	3146	2765	3399	4456	3982	2949	1970	2834	3922	4078	3886	4386	4732	3431	2799	3727	4810	5090	4760	4694	4475	3571	2268	1773	2061	2078	1997	1664	1321	1279	1508	1471	1140	998	1125	1058	868	999	1145	1056	999	1161	1155	967	856	1022	
405	347	391	453	401	399	457	501	418	425	503	557	619	686	670	556	613	678	637	528	609	629	570	570	702	815	915	953	946	1246	1661	1751	1065	356	1445	2219	2471	2420	2177	2206	2860	4120	4870	4145	2965	1337	509	1511	2207	3034	3659	3762	3812	4541	5300	5440	4967	4259	4074	3622	2752	1762	1344	1582	1896	1970	1537	1086	1102	1234	960	689	795	829	663	693	870	864	847	905	886	776	893	1005	951	
478	2824	2534	2976	1930	300	2056	3038	3797	1380	364	1410	1697	2294	2847	2378	886	1362	2717	3301	2236	1392	1989	852	3605	2176	3523	1868	5896	6533	5357	11789	11259	8237	12592	15682	21465	27581	10312	5079	3868	29348	36066	26368	52312	1968	60662	60567	53305	21653	24833	10251	4038	7152	24383	31499	32042	41417	11412	17027	28314	26508	12203	4333	3125	12869	2958	5312	5409	2630	3193	2663	1070	1038	1327	3578	1560	2520	1436	1878	2567	3567	2039	1737	1461	
74	56	50	92	72	62	6	44	31	65	38	20	63	76	22	83	51	175	97	103	71	195	85	211	92	399	195	295	466	711	749	1080	1107	1533	1225	894	1583	1549	808	1106	588	1333	1331	1343	1249	2078	1934	3244	3024	6364	7147	8958	7404	9935	6699	6750	6632	4143	4606	2292	2401	2326	1191	1557	926	872	665	213	214	229	199	71	304	100	102	191	52	128	133	71	89	157	67	222	24	
2196	2491	1531	2493	2373	3593	1128	549	1763	1487	3207	2083	2878	1870	1810	1461	1639	777	325	697	3009	3507	2495	3712	1882	1714	2178	4914	5381	4956	5660	13119	12881	3879	9995	12612	32375	37939	10160	3889	8366	20061	36317	9436	47512	57817	55898	5987	53447	40839	32972	23032	64627	12464	40860	47271	32815	42830	7142	28829	30097	27486	17802	10643	4224	10750	5551	5233	6097	2780	2430	2977	1069	1067	1916	1834	676	1975	2461	767	1123	3538	1363	1155	1625	
164	83	246	151	150	32	196	23	95	122	206	104	144	308	225	54	429	217	82	216	412	500	342	465	596	372	329	965	182	1121	1390	2489	1189	2746	223	1365	3799	5495	3545	7562	3882	6543	9241	4770	5735	1640	11141	8855	6081	6851	13502	15930	18137	8693	16793	3930	4738	12857	13567	1582	6015	2761	2902	872	499	988	1475	391	1703	801	673	543	254	99	320	159	201	129	275	75	232	143	420	218	731	
449	445	474	561	498	452	476	540	488	478	521	473	528	673	732	583	642	838	929	877	994	1067	1028	979	1062	1228	1447	1646	1499	1307	1881	2716	2711	1784	1430	2858	3955	4346	3979	4027	4596	5479	6118	5601	4384	2849	2759	3699	4074	3408	2942	2552	2624	4005	5164	5036	4305	3440	3390	3373	2725	1498	1314	1994	2084	1678	1124	1036	1197	1150	784	586	800	891	780	855	1027	977	883	913	955	805	772	910	941	
599	674	528	534	651	575	474	577	619	484	605	628	454	403	647	680	635	898	983	832	871	1205	1247	1205	1196	1169	1293	1799	1973	1406	1525	2866	3690	3347	2445	1866	1867	1896	2128	2146	1720	3442	5697	6542	6348	4972	4613	4774	4430	4419	5499	6654	6313	5833	5330	3954	1834	2793	4849	5418	4442	2748	1578	1566	1714	1702	1173	384	813	1160	824	371	771	802	545	718	949	774	654	959	1002	828	715	782	732	
2387	2316	3355	2450	3725	1598	2713	3386	2515	5045	3436	1350	997	1081	4002	3355	3626	2285	2664	2163	3635	5878	3376	2002	943	2967	4663	2899	8251	8031	6462	14505	14651	2505	10678	9551	30115	43000	15699	10483	10879	17400	24638	21074	37839	54870	61872	57206	2333	62794	9538	37243	14537	10793	61674	26729	44650	60636	12169	32243	30225	22525	17199	6355	12699	8852	2709	3863	5236	1468	2764	534	1550	2955	2020	3752	346	2528	1716	3048	3136	1333	1769	572	3119	
7	78	97	64	100	152	55	24	13	99	28	92	70	70	26	93	31	118	148	27	65	171	36	134	162	350	511	128	928	499	973	1486	1205	1169	2575	3013	1270	3278	3570	1989	5481	5421	1189	6798	4779	1404	2702	1967	4268	1334	4698	11095	5135	8892	9892	1313	3650	4775	4877	1959	3304	3076	1447	2500	1533	782	956	1049	23	451	52	178	72	64	102	128	25	94	127	74	109	78	60	222	293	
323	319	269	298	253	229	294	215	182	269	250	262	304	341	397	369	345	367	291	276	387	403	540	730	677	558	694	838	794	553	731	1166	1077	370	636	1025	802	515	1029	1523	1436	1558	2696	3633	3517	2940	2758	2129	2828	5287	6240	4986	2383	2582	3731	3500	2829	2193	1134	1282	1614	1132	838	1219	1487	1380	853	727	1029	819	410	542	541	514	619	526	433	540	460	431	549	474	426	460	403	
418	454	550	597	530	490	536	628	617	532	553	675	762	717	678	711	772	696	597	689	883	911	723	736	1102	1403	1322	937	946	1587	2086	2137	1622	1153	1766	2547	3289	3516	3194	2887	2945	3120	3384	2898	2442	1916	1369	1848	3618	4629	4848	4996	4415	3394	3037	3398	3934	4096	4026	4156	4015	3191	2121	2026	2329	2411	1936	1332	1295	1557	1555	1222	997	1122	1303	1182	1016	1027	1238	1237	1084	948	1053	1145	1089	
