34928	35047	35166	35285	35405	35524	35643	35762	35881	36001	36120	36239	36358	36478	36597	36716	36835	36954	37074	37193	37312	37431	37550	37670	37789	37908	38027	38146	38266	38385	38504	38623	38743	38862	38981	39100	39219	39339	39458	39577	39696	39815	39935	40054	40173	40292	40411	40531	40650	40769	40888	41007	41127	41246	41365	41484	41604	41723	41842	41961	42080	42200	42319	42438	42557	42676	42796	42915	43034	43153	43272	43392	43511	43630	43749	43869	43988	44107	44226	44345	44465	44584	44703	44822	44941	
65	23	105	36	93	60	46	25	18	75	39	98	97	115	90	137	69	115	55	62	37	65	163	131	320	261	212	119	474	376	348	163	786	994	661	1058	348	922	1367	1251	218	2248	1269	852	551	2166	2329	1730	1862	4136	3795	2155	5484	5446	2152	147	3264	5662	3847	2559	938	1811	1068	1012	619	325	397	507	194	239	58	72	85	97	110	86	206	22	121	64	229	148	180	73	234	
12103	13685	5783	7033	13358	5625	15286	4505	7974	8611	7661	2530	8620	9306	4151	4354	5914	2726	17265	7309	12008	18362	14453	6527	15538	20204	3516	5180	27215	23942	22285	40915	25351	16967	17911	47377	56686	43054	18924	30335	50228	61000	44246	46571	59757	35769	13917	10596	34915	29790	47784	51869	49527	46447	55838	61897	54041	8436	20619	44058	37004	5005	42165	14166	1844	17137	13633	27342	34224	7683	3582	7060	8848	7518	13943	10593	16839	4239	6331	6740	14631	7349	16310	9035	6399	
14293	18817	12042	4094	15268	17412	11164	10810	10781	8667	10828	3509	19180	11708	6869	6657	6357	19719	13310	11930	12888	11715	15108	10325	11054	24124	18319	3982	26199	7786	12544	15081	46958	42931	55618	39449	37763	1158	50506	46606	26243	32462	53162	29379	44487	51206	40217	59919	45314	28074	54486	3582	54270	19098	58151	17771	7658	25239	14023	13847	54913	64553	4655	55825	38463	31957	25714	21439	9025	20200	16232	9469	11769	3636	18888	2799	8628	12952	12103	3665	8457	16602	1243	6270	9120	
113	119	139	66	210	108	205	114	160	139	49	163	149	207	83	122	178	109	205	286	200	358	474	806	222	579	455	618	1069	1479	2174	2452	2451	3743	4249	4837	3975	4937	4155	3450	3534	5809	6138	6188	8087	8055	8124	8798	5913	5436	1192	1154	4763	7982	11000	10402	11463	9728	6905	3042	2783	1890	1277	2072	1283	1731	1101	1383	719	849	374	415	192	446	96	244	179	157	208	169	61	146	119	306	144	
7	67	62	60	93	92	75	86	24	104	65	81	87	95	73	145	94	100	98	58	150	199	240	126	142	9	104	108	495	884	610	398	254	929	719	356	248	1866	2655	1859	690	1534	743	1177	324	1526	1103	1690	1171	2502	4147	2602	6418	5700	1165	3200	5544	4441	2286	2172	937	2077	1135	843	392	251	422	597	317	258	284	204	72	143	200	220	105	91	65	52	99	211	164	132	159	
5675	2201	8330	10494	4827	9412	13149	2567	3287	11375	8322	2479	7699	11450	2654	6802	6022	11848	3444	10135	2254	12422	7794	4141	10092	6825	16953	4911	12137	10010	37118	29221	32714	10801	24650	29534	49244	34141	27983	30745	55484	44903	17804	57701	9264	55626	19980	35568	24401	13106	16744	22580	29738	40788	57147	24851	58783	55443	64751	6330	58072	63603	45186	4370	18481	28374	17140	11356	8273	9721	5352	8181	9982	9117	8789	6546	6196	15027	6872	4413	13040	8812	550	9039	3227	
14	43	4	60	22	19	56	30	87	28	74	7	69	34	67	71	21	97	17	129	87	112	145	80	218	12	226	72	215	86	217	73	248	420	668	1223	1689	1971	2377	2687	2713	2796	2520	3130	2211	2485	2387	2451	2635	2944	3315	3318	2920	4129	4475	5114	5176	4510	3832	2492	1663	1239	269	248	307	120	423	205	370	148	290	105	246	93	213	57	143	27	117	39	78	63	43	74	51	
263	211	157	253	121	222	174	304	207	150	110	136	120	152	233	92	104	200	202	99	90	256	232	156	254	315	457	376	699	964	798	415	1372	1157	336	459	1165	3014	3335	2324	1329	2169	2583	1478	1350	3716	4384	2540	558	2273	5503	6606	4524	2674	2169	2075	2839	3860	3854	2651	1546	1394	2303	1814	986	739	812	960	274	400	375	439	157	365	271	343	143	297	414	429	300	177	310	371	544	
388	287	237	159	95	150	213	256	369	469	510	567	696	695	717	780	792	714	699	705	640	557	538	569	586	810	959	1128	1347	1699	1990	2212	2539	2913	3199	3682	3910	4178	4669	5064	4882	5053	5621	5750	5797	5855	6274	6508	6129	6024	6568	6484	5304	5063	5601	5396	4727	5079	5136	4590	4060	3692	3457	2980	2533	2308	2006	1694	1397	1090	914	718	642	622	631	743	835	909	999	1050	1075	1096	1110	1086	1009	
3925	2135	3809	1670	3744	1532	5364	2881	2479	4841	2231	4436	4556	2763	2034	3056	4585	3075	5237	981	4858	4630	5002	1384	3867	1834	7132	5436	5257	11405	8803	4831	21240	27196	18058	13425	24309	22436	24351	34719	25143	37678	41654	39745	34063	28964	45531	9317	55056	18119	9802	37993	2965	59630	44108	57028	48551	56921	46742	32461	17261	12681	26393	8745	16419	5854	8957	9252	6658	7709	5292	3515	3674	1440	4415	2845	2918	5433	1215	4081	2005	968	5333	2055	5408	
228	278	268	273	265	319	318	301	335	333	337	332	380	344	375	377	418	382	435	471	460	450	497	566	554	653	739	855	907	1063	1221	1435	1601	1807	1934	1899	1796	1851	2017	2344	2859	3492	4003	4373	4532	4944	4913	5054	4943	5447	5457	5911	5945	5686	4522	3863	3095	2898	2588	2346	2169	1963	1771	1536	1360	1188	1071	944	851	792	685	633	574	546	489	484	435	446	429	426	416	398	395	365	376	
176	191	185	196	200	227	237	236	265	284	295	317	337	361	370	385	408	420	419	443	491	530	553	646	706	779	883	1039	1173	1320	1478	1587	1667	1641	1763	1982	2488	2913	3353	3748	3752	3341	3289	2913	3000	3808	4690	5965	6886	7534	7518	7140	5855	4615	3640	3422	3532	3686	3288	3053	2615	2378	1952	1761	1456	1317	1174	1073	1032	960	922	867	846	773	781	727	698	625	649	582	578	548	510	489	429	
63	24	39	13	32	64	54	62	43	36	55	16	54	31	94	46	127	40	103	38	16	165	92	264	202	306	220	347	292	336	210	384	167	393	849	1017	1385	1761	1763	1662	1375	309	1155	1636	3314	4568	5213	5820	5805	5945	5115	3372	2787	2615	2906	3925	3947	3637	2730	2201	1805	1554	1157	1103	921	630	432	231	59	127	153	245	188	204	105	119	32	32	64	42	113	44	96	48	56	
10665	10878	11376	2970	14835	7940	3411	4324	729	13956	12750	2620	3127	20844	8403	7756	5727	12214	14953	3608	15416	8387	16502	4267	11171	9232	13599	8114	14960	17610	17349	10867	11121	19672	39604	48030	6874	35144	911	11804	31380	14848	24134	16670	54714	19376	55466	52049	6573	50633	36263	36119	53239	56829	61202	44510	6066	42141	1896	18327	24231	36786	40208	43797	27222	16736	17099	26086	13504	21898	16845	11975	10922	13245	7701	8512	7106	8637	12180	3236	12380	9393	15455	9416	11578	
221	238	267	237	269	297	307	312	288	355	343	348	353	348	360	346	365	342	347	370	382	452	423	467	445	492	500	536	728	926	1203	1448	1498	1425	1230	1429	1648	2297	2637	2937	2435	2127	2124	2945	4074	5006	5347	5172	4568	3986	4803	5826	6795	7154	6516	5275	4649	4767	4849	4495	3726	2898	2422	2134	2072	1948	1823	1635	1457	1319	1181	1073	927	842	780	752	690	626	594	579	552	511	482	455	444	
240	232	200	229	282	325	267	306	362	347	411	381	356	429	479	485	424	434	597	747	712	541	633	888	1077	1019	562	529	1268	1799	1768	981	448	1961	3345	3902	3484	2212	665	2453	4151	4585	3789	2073	2534	4857	6346	6374	5084	3730	4344	5974	6786	6128	4552	3044	2803	3504	3789	3394	2667	2074	2048	2208	2214	1974	1572	1365	1308	1232	1199	1037	936	963	906	832	768	748	750	754	721	649	637	576	552	
248	251	264	281	309	306	310	329	319	369	381	384	410	405	419	457	483	505	542	551	583	614	662	708	753	777	843	851	916	973	1028	1108	1200	1207	1193	1177	1279	1409	1524	1480	1560	1532	1961	2387	2844	2866	2972	3114	3405	4054	4145	4474	4416	4666	5031	4721	4028	2917	2642	2636	2422	2191	1918	1778	1689	1630	1518	1435	1344	1219	1147	1069	985	952	871	799	757	726	675	677	632	610	587	559	546	
190	201	204	228	195	229	228	245	230	310	271	286	296	344	308	329	317	359	315	350	382	410	386	451	415	407	402	487	548	739	950	1249	1542	1843	2012	2192	2241	2401	2514	2618	2476	2557	2851	2944	3008	3186	3677	3984	4506	4724	4744	4947	5492	5975	6684	6857	6748	6224	5392	4445	3876	3303	2976	2524	2201	1923	1740	1548	1389	1206	1064	924	851	741	674	615	573	540	522	512	475	484	482	486	440	
258	252	272	260	278	284	293	290	322	329	327	342	349	393	395	423	453	487	486	542	555	599	613	693	713	807	873	962	1029	1104	1184	1223	1231	1341	1545	1592	1686	1820	1998	2024	2126	1993	2011	1908	1960	1998	2485	2754	3208	3696	4080	4513	4924	4950	5025	4827	4385	3605	2942	2448	2137	1807	1563	1408	1342	1238	1173	1123	1123	1079	1023	974	942	872	826	773	735	675	644	619	581	544	535	505	496	
264	289	287	298	268	294	299	308	304	333	324	323	350	371	377	412	454	478	503	538	591	609	683	737	826	853	921	995	1059	1087	1157	1202	1313	1464	1679	1750	1878	2039	2479	2651	2680	2610	2846	3333	3633	3540	3924	4395	4888	4855	4723	4553	4824	4892	4873	4367	3990	3523	3221	2692	2213	1857	1686	1554	1491	1434	1395	1317	1242	1171	1109	1039	973	906	865	793	734	701	667	625	588	557	546	520	520	
148	147	104	78	179	95	175	32	160	9	141	171	134	221	123	182	49	299	210	91	149	662	297	874	587	748	791	1211	1377	2254	2283	2728	2864	4355	4505	3115	2143	5404	6018	5803	4888	4096	5747	2576	1414	1622	4199	8190	12279	12599	11524	8288	1611	3427	4571	5790	5200	1450	1260	2420	4874	4391	3772	1771	1186	516	1015	1174	1081	491	140	623	455	619	339	227	86	396	212	243	46	374	189	368	123	
301	326	416	434	393	355	297	167	67	57	217	294	334	357	356	274	207	131	85	158	210	270	294	241	232	250	283	417	517	555	725	768	836	1106	1491	2004	2549	3197	3839	4325	4782	4986	5206	5166	4899	4392	3604	3444	3041	2549	2533	2972	4135	4899	5560	5578	5760	5784	5494	4993	4222	3631	3016	2385	1820	1448	1316	1236	1196	1120	939	794	594	498	560	684	838	904	902	839	732	591	486	459	479	
7929	5961	11362	11043	2086	2185	3391	7993	9926	1416	5826	12668	3131	3187	6863	4852	5984	1153	4597	7786	2029	5711	1199	9625	5092	5323	2295	11100	6815	8575	24648	30203	6225	24880	23968	31457	29017	48490	51433	3279	29259	19950	8787	51429	30908	39495	40719	57780	28808	10271	32543	59668	46294	60415	5555	14539	43629	18028	10920	26907	55586	34545	28943	22517	22187	9065	19770	7012	1848	2398	6025	8854	2758	1089	2648	8041	8858	3881	4584	5405	12264	3646	1480	10003	10992	
43	34	89	39	78	30	134	95	69	55	79	63	120	107	60	97	66	120	114	92	137	72	251	70	308	46	300	61	217	87	371	384	885	1109	1519	1651	1194	1166	1577	2494	2757	2445	2460	4266	5291	3038	4177	3071	1170	1059	4339	5682	4479	5268	5454	9186	7163	6071	3827	1813	1654	2374	1875	1096	828	849	526	294	139	194	79	213	144	246	104	155	103	166	119	181	30	135	28	114	95	
376	313	267	176	167	301	428	593	667	669	642	544	377	301	274	373	469	510	482	441	241	69	148	312	443	392	315	115	271	748	1256	1752	2171	2454	2699	2694	2306	1887	1343	630	404	1155	2091	2974	3557	3833	3944	4676	5184	5344	5465	6193	7029	7490	7483	7133	6915	6406	5698	4968	4074	3255	2688	2322	2040	1782	1520	1206	957	739	713	809	941	1016	991	820	637	375	110	213	370	505	520	448	373	
283	278	175	100	193	293	284	242	163	170	178	229	223	124	161	174	115	33	119	95	81	105	171	186	332	527	499	287	485	827	935	781	256	1599	2350	1670	399	1668	2508	2996	3041	2359	2038	1857	703	449	859	2415	2669	1869	3628	3657	4349	7166	7054	4223	1987	2083	3358	3648	2477	1003	489	1282	1203	310	646	970	828	415	138	109	212	359	448	349	96	166	366	520	443	303	142	151	303	
271	298	337	380	318	280	245	187	170	209	262	352	382	405	364	338	242	184	128	213	347	406	515	588	620	687	688	707	752	816	838	852	910	990	1261	1702	2071	2713	3523	4119	4654	5331	5866	6213	6548	6369	6073	5796	5782	5017	4340	3781	4265	4107	3755	3886	4088	4071	4086	4007	3574	3264	2909	2606	2295	1896	1667	1472	1312	1148	967	768	623	543	620	758	881	1024	1059	1045	982	906	771	715	656	
362	447	478	467	404	458	446	472	488	518	507	484	500	453	482	445	423	452	536	520	514	518	364	146	245	396	443	572	890	1299	1711	1753	1563	1604	2176	2427	2033	1310	1169	1086	877	1457	2427	3287	3824	4346	5063	5868	6116	5119	3408	2432	3777	5506	6213	5658	5042	4888	5022	5106	4839	4378	3856	3336	2735	1972	1221	531	460	771	918	951	903	850	737	615	481	432	383	311	342	447	591	622	600	
3358	3484	2355	4148	1787	1791	4434	4264	4891	4212	1251	3872	385	2930	1060	5142	3090	4986	6160	4555	4007	2869	610	3250	4009	6888	3147	4132	4296	2819	10950	12972	10887	13596	18671	23001	32523	22484	26437	54313	44647	13023	47245	40440	58259	15128	10297	17741	6081	36571	14166	37535	58399	45039	28494	7331	13635	54799	59119	41794	25683	30998	26944	19075	9015	9991	5685	1484	5134	3723	3652	3236	5075	3354	1554	1492	2536	4324	3694	2135	1151	6534	1132	434	5478	
201	496	267	306	372	315	438	218	282	552	161	326	230	105	586	245	405	159	243	87	141	886	537	766	285	712	1625	495	1604	1695	1366	4346	3164	2358	4118	3357	6217	4255	3640	2794	3426	10011	7540	14427	8460	10844	7644	6682	13925	16046	17644	8576	9889	20312	18368	18991	8232	3449	3381	4968	7154	4975	4275	2220	868	81	690	1277	595	191	653	745	581	647	200	609	159	369	202	136	282	362	377	219	159	
124	178	196	222	190	182	182	219	206	191	166	204	245	245	148	217	260	302	289	354	353	377	390	433	451	486	570	793	752	830	842	756	854	1124	1264	1577	1567	838	212	1231	2580	3348	3089	2738	2494	2746	3909	3126	1152	656	971	1197	1054	2174	4239	4930	3514	1694	1118	1886	2298	1892	1100	530	124	619	651	761	771	500	226	322	424	437	370	190	311	391	402	241	177	305	388	376	313	
281	263	262	251	279	347	390	350	302	308	333	373	380	386	330	335	343	336	354	430	495	468	485	566	654	680	634	558	743	1053	1127	1003	1217	1739	1977	1700	944	42	1227	2688	3976	4598	4033	2426	922	1769	2325	2022	2149	2975	3899	4703	4967	4653	3430	2034	1118	1603	2422	3143	3357	2977	1942	606	573	1203	1376	1224	1060	865	742	686	686	715	740	718	619	635	645	632	575	602	598	550	531	
570	512	440	475	533	434	394	428	496	474	494	470	390	454	594	616	412	330	484	540	501	575	631	542	558	949	1240	1225	962	848	901	893	1155	1584	1798	1429	581	1059	2688	4239	5346	5996	5815	5240	4134	2910	1854	1974	2740	3059	2829	2868	4072	5566	6208	5572	4445	4044	4454	4733	4263	3387	2631	1965	1217	712	1020	1352	1252	1014	894	916	789	662	596	672	705	706	627	607	653	736	765	714	633	
55	96	143	44	83	37	120	5	67	113	91	81	59	109	206	120	56	171	23	129	153	94	103	202	171	231	147	292	395	418	460	454	654	916	1168	1172	1695	1613	716	1448	2632	3226	1805	2940	2043	664	821	2410	3885	698	3016	6189	7103	4429	2948	4402	3994	3507	3071	1378	1189	701	753	910	247	398	922	524	741	217	309	181	123	153	224	23	82	136	77	37	82	18	201	104	206	
7183	17042	5326	3735	7005	10576	2492	11234	5352	8258	12377	6098	3005	12426	11554	11005	14695	11134	7667	4190	6079	6857	2818	12390	8577	19544	17743	18670	16216	29007	9704	28465	28093	18776	9428	37456	14451	29773	29178	3071	40321	15071	40301	15013	53815	14241	21328	24401	50495	43089	28271	53992	2027	35298	19636	1442	32242	41898	40398	46169	58712	16440	1967	46486	55880	64194	52164	34495	38360	49178	26534	11648	27341	39277	21556	16310	34389	25020	18130	15002	24155	15147	16929	22211	31280	
4220	6998	3141	4401	6841	6796	2645	9335	5846	7397	9764	7100	4874	4295	1990	5985	11648	6798	7597	13415	4710	5741	5166	7609	11505	9775	9801	3940	4697	8326	7915	11870	21566	10584	16737	32733	38996	25455	37457	18296	43570	35081	24710	44467	59062	40275	10079	49947	17148	18077	53583	12120	51100	50810	46239	65177	41749	23264	40919	48098	33545	36914	19691	15836	22080	5875	10198	3033	6141	1774	8302	5068	3078	1574	1299	441	6653	7907	6175	4774	4979	3661	1761	7624	10495	
161	186	171	184	199	194	195	191	220	201	203	232	229	231	236	254	257	263	299	295	289	329	367	373	376	422	468	475	547	612	616	753	925	1052	1116	1148	1272	1242	1185	1085	1392	1625	1945	2140	2534	2757	3083	3311	3487	3560	3682	4094	4233	4326	4643	4998	4849	4120	3492	2999	2309	1845	1608	1505	1296	1105	1019	998	887	808	775	724	657	599	598	554	492	494	462	435	405	417	401	373	380	
103	115	154	145	148	130	128	99	64	43	72	100	162	174	192	181	183	144	133	153	220	249	302	336	335	337	365	435	504	614	642	681	533	544	640	1072	1651	2325	2953	3645	4345	4806	5060	5271	5210	4481	3321	2284	1457	576	1486	2705	3293	4071	4560	4949	4645	4120	3457	2706	2075	1488	1114	799	649	586	555	542	521	515	523	509	492	470	435	380	307	256	231	215	220	243	249	248	219	
84	92	111	30	154	36	50	145	80	160	159	141	150	97	168	188	119	283	125	114	301	93	203	259	209	235	381	697	943	1246	1085	1887	1834	2345	1901	1747	1115	819	1456	2276	697	3214	4715	4694	4325	4033	6270	5564	5647	5794	4637	6688	6729	7999	7359	6512	8370	4740	3901	2671	3351	2387	1796	856	840	551	431	657	174	505	380	308	479	192	258	228	22	222	64	96	179	116	206	167	33	
5330	4428	1469	2250	1127	3084	4983	5491	7211	3249	445	2389	4807	10036	9304	3803	6349	1012	3456	2564	4602	8566	4156	4229	6002	1905	4620	9166	6912	2500	15449	6775	6425	17128	23351	38516	36109	14266	21709	50172	51795	47726	52270	37398	61494	55254	35927	23675	41635	23297	31614	41006	21042	2633	34423	33176	56382	29681	19304	50171	1145	17827	21886	21588	16082	18681	11226	9560	8865	5425	1925	2267	7219	10253	5287	6127	6765	5259	2878	2341	7897	9456	5714	7900	4286	
208	186	32	188	127	144	100	155	146	116	184	223	148	203	156	261	359	304	289	93	579	77	604	367	307	1166	777	1556	503	642	1669	687	1397	1422	1610	3425	2185	4031	1516	3975	1363	3604	6283	5880	5031	6743	4937	6937	8921	5975	7089	3573	2729	9350	12090	13421	14118	8920	6543	4223	3063	2159	2637	1285	1807	1097	705	1545	1076	1608	871	633	1019	519	717	306	40	346	175	347	276	219	230	100	194	
4219	3559	7148	3111	3597	2212	2141	2621	4317	5044	7107	2818	5490	4266	1562	699	4933	4188	5340	5579	3995	5392	772	8224	4715	5805	2533	8134	8897	7343	8196	6318	7847	18699	22369	5504	28700	18177	14055	36269	41328	64615	42628	36163	32886	28811	25735	6140	37606	9716	61525	51546	11509	10178	32417	29326	13262	4822	46917	38805	23334	14933	10007	15082	13114	4994	5644	7707	3759	3952	3639	1688	1936	1889	2358	1865	3198	1114	3595	2604	1545	3390	3498	3132	3649	
159	185	202	187	194	196	221	215	200	254	226	227	249	265	247	258	286	305	286	347	383	378	400	429	480	493	533	586	636	706	936	983	1096	1277	1422	1560	1608	1716	1917	2124	2276	2328	2309	2364	2123	2145	2333	2820	3009	3330	3615	4470	4749	5560	5503	5751	5475	5051	4034	3085	2485	2072	1673	1415	1317	1302	1275	1165	1087	1041	920	838	763	691	626	544	534	492	435	444	411	398	386	379	384	
75	122	79	80	20	113	2	108	15	109	34	87	28	113	42	38	134	58	138	142	92	36	175	151	260	342	254	403	463	386	896	969	545	1002	92	1448	109	1618	1822	2218	1869	3969	3378	5484	4424	4386	3347	1521	4959	3813	4471	2687	5112	8294	8268	9098	6251	4418	3310	4300	4002	2880	1877	947	1287	613	885	431	400	518	298	593	204	373	160	177	192	26	136	92	56	102	103	33	63	
3548	3788	2505	2860	1386	1300	2103	3977	3324	1335	5466	770	2353	834	3252	805	2652	4098	3709	2783	734	2926	1954	2148	1066	1050	5488	2078	7678	7459	7096	2820	2549	20163	25874	18591	41161	17130	21772	53651	4456	27580	24261	12865	32507	41939	16250	35778	3421	35100	60388	53603	21715	23773	7581	64197	45760	913	64876	5734	27179	25736	23325	16981	16226	11642	8787	4820	3145	9577	2995	934	3617	5696	2902	3676	4421	1773	1432	2549	2061	1997	4221	4889	2775	
79	46	79	82	83	94	33	74	46	18	79	92	67	104	78	72	94	77	64	62	86	155	142	147	89	216	420	458	609	618	436	1168	949	1295	1376	2087	2099	2427	2151	2024	2291	2962	3042	4213	4422	6126	6044	5369	3817	5088	6409	6332	5513	8468	8872	7447	5596	3513	2883	2257	2441	788	613	741	271	274	175	332	379	395	344	403	208	178	90	76	59	164	25	91	107	20	101	85	101	
4888	1322	1880	1101	1556	1884	2536	918	1134	3017	3157	2590	2827	200	1284	1305	3112	2189	3996	1745	3431	475	3463	1618	2351	3183	6000	4962	3110	2823	9979	7554	5038	13594	9460	12126	36181	26146	13589	46290	61384	50397	36099	27435	38787	47118	41730	19724	4813	33076	22034	45205	44780	32553	53584	62946	56934	21062	22725	46598	20397	28174	17797	17637	22448	12328	13221	3804	2013	6387	1357	8967	3847	2902	3843	3059	849	1635	3926	6413	4578	4659	2549	3372	2839	
135	122	92	77	101	79	22	59	62	92	51	39	100	98	99	81	97	134	82	26	141	86	114	80	142	184	164	361	563	641	351	261	626	284	718	2055	1405	3294	1718	4120	3948	4450	1479	2746	4047	4882	3550	6486	6329	10400	9046	6189	5518	6942	6690	1429	2012	1842	1567	1185	907	1514	1339	1067	800	555	538	573	223	377	18	311	65	223	59	136	80	117	74	88	69	131	72	81	152	
523	444	338	449	499	413	495	544	450	444	601	523	364	527	608	446	467	672	553	406	644	725	606	759	922	815	941	1321	1330	1198	1509	1740	1475	1170	1339	1054	1158	2687	3451	3021	2962	4635	5702	5279	4481	4353	4099	2566	2652	4888	6464	6854	6258	6554	4490	1568	1050	2395	2427	1834	1888	1738	849	756	1456	1412	964	959	1042	742	784	1141	1038	805	949	1044	809	840	1002	896	764	901	923	718	763	
434	424	470	436	405	427	476	473	496	555	555	505	455	512	536	579	606	608	550	643	761	782	780	912	944	888	1009	1265	1340	1185	1393	1680	1675	1466	1918	2411	2582	2505	2639	2545	1951	1865	4059	6003	6502	5946	4356	2403	885	871	3172	5198	5075	4748	3677	2754	3187	3713	3585	3094	2637	2255	1889	1672	1380	1176	1110	1231	1210	1074	986	987	1049	1057	976	821	767	807	852	837	851	810	783	741	801	
465	529	503	528	582	595	509	553	635	581	486	569	659	612	637	738	758	679	760	798	766	839	1042	1068	1026	1152	1269	1177	1157	1502	1745	1723	1630	1806	1918	1922	2089	2424	2344	1830	1608	2763	4289	5099	4986	4172	3148	2450	1879	693	2641	5648	6594	6415	4721	2750	2984	3226	2379	1655	1851	1893	1428	1134	1267	1157	871	1011	1215	1078	921	984	1000	889	885	915	807	742	808	858	783	808	826	766	664	
474	437	501	478	425	453	525	449	415	523	567	477	468	543	530	565	599	583	559	740	785	670	732	903	915	901	1081	1109	1119	1518	2009	2086	1919	1974	2074	1904	2054	2664	2800	2360	2595	3854	4616	4869	5138	5289	4954	4236	3677	3345	3487	4044	3928	4119	3036	1845	2577	3205	2928	2523	2309	1993	1581	1506	1448	1160	1075	1287	1326	1095	983	1090	1088	1046	993	930	887	951	961	914	905	890	806	782	908	
511	508	498	509	456	545	551	439	461	558	575	544	628	603	507	522	662	619	634	797	815	746	875	1024	906	1027	1285	1316	1196	1579	1982	2021	2006	2167	2244	2341	3013	3655	3566	3124	3558	4034	4092	4888	6154	6549	5698	4471	4276	4212	3975	4320	4032	4184	2959	1882	2431	2969	2760	3169	3232	2566	1735	1891	1849	1239	1039	1361	1273	892	1156	1305	1133	1062	1209	1084	892	964	950	791	832	971	844	716	799	
418	328	428	403	294	262	375	347	271	330	326	301	340	394	282	348	458	410	390	543	595	512	667	795	748	730	999	1096	1125	1499	2040	2347	2517	2607	2372	2261	2844	3673	3683	3426	3933	4931	5214	5118	5192	5504	5468	4504	3430	3286	4831	6729	6203	5202	2923	2402	4029	4745	3983	2738	2102	1710	1271	1471	1774	1671	1619	1591	1374	1101	1263	1422	1244	1015	972	1014	914	938	908	830	752	787	861	908	997	
1114	4202	3671	3808	1624	1877	749	2180	3657	4690	2820	3575	2609	1059	3503	4073	2694	988	1162	3100	1219	3226	1149	5992	2553	3751	1976	6615	880	3001	1261	6839	4410	3530	9348	11738	19600	21249	17071	31144	51480	54698	49121	36290	38741	44910	30910	15330	32706	53381	58997	27575	2041	61360	22562	58432	37936	29237	40275	43891	32048	19412	8944	12216	17693	16729	9186	1516	2395	7918	1451	3092	1380	4509	1110	5552	2648	1719	2390	2878	2412	4449	1301	2838	2303	
231	219	250	248	241	257	265	279	267	300	303	320	324	343	357	355	402	404	452	460	528	539	591	654	717	794	848	940	978	1037	1076	1165	1242	1304	1418	1538	1728	2056	2289	2579	2864	2997	2848	2908	2738	2944	3025	3248	3457	3826	4304	4641	4785	4730	4309	3730	2881	1944	1346	1202	1240	1259	1180	1129	1092	1050	1006	977	931	834	785	732	680	616	588	553	518	491	486	460	423	416	421	400	375	
136	249	42	216	84	248	50	164	151	42	184	81	161	105	170	156	226	319	266	243	248	230	318	35	393	244	84	352	248	550	350	354	798	1272	1345	2373	1456	2638	1499	1469	2214	3468	4580	3675	5148	4228	5650	6092	6712	4797	7139	9121	12523	9840	10722	3419	1815	3357	4784	4204	3188	2415	900	1198	788	865	681	432	288	300	335	411	208	271	146	301	212	133	269	66	276	34	287	133	260	
516	477	521	552	590	538	562	587	604	590	625	602	564	539	615	716	784	815	830	821	849	995	1105	1121	1101	1218	1419	1627	1787	1940	1920	2018	2269	2520	2611	2511	2580	2863	2795	2608	3084	4562	5670	5603	4619	3705	3424	3326	3265	4350	4969	4551	3070	1792	3014	4608	4726	3770	3153	2795	2492	2304	2272	2257	1968	1583	1440	1578	1676	1588	1583	1577	1507	1323	1310	1272	1196	1126	1160	1138	1087	1051	1111	1064	983	
552	646	637	651	638	607	579	635	667	589	602	672	664	606	708	736	743	788	823	833	876	983	986	1047	1227	1307	1292	1441	1682	1702	1567	1804	2090	1968	1975	2499	2822	2621	2479	3233	3858	4613	5089	5396	5395	5052	4260	3607	3859	4495	5097	5511	3640	1406	2529	4165	4249	4018	3923	3941	3515	3111	2769	2368	1729	1546	1698	1683	1434	1347	1366	1322	1244	1266	1161	1035	1053	1056	973	852	927	918	932	933	904	
519	400	484	553	528	445	537	537	439	442	525	490	422	592	611	519	560	736	704	665	805	933	808	801	1058	1143	1089	1163	1298	1154	1214	1537	1624	1236	1371	2025	2100	1644	1943	2728	2811	2427	2395	3124	4034	4079	3659	3616	3687	3285	2845	3394	4552	5006	5243	4576	3358	2799	2969	2873	2558	2593	2894	2771	2277	2071	2081	1844	1640	1818	1944	1645	1332	1415	1470	1242	1155	1228	1163	1013	1083	1090	898	855	1000	
2340	1600	1221	983	1957	1353	3093	2333	1685	2316	1299	1241	1951	2566	1140	1561	1658	2127	1890	3840	1047	2274	1635	1357	4270	2940	511	2698	2080	5239	1787	6911	4551	6320	5755	21471	33129	28780	18685	17761	26723	37621	23351	24561	4501	15371	27693	46739	34736	15383	31415	38029	5760	60369	48636	24603	18534	6473	14666	19815	16779	34677	19926	10463	8067	9030	9620	8519	1113	1447	1501	4956	1910	695	2091	697	2249	2035	1760	2043	1748	1385	1990	4396	1239	
101	48	56	29	118	58	73	113	93	118	41	108	27	82	45	60	112	100	59	93	17	188	95	284	82	257	363	641	547	1148	813	1144	894	685	1092	1647	822	1637	1747	2694	3222	4201	4205	2040	3406	2722	4994	5017	5975	7141	5432	8634	3399	8996	8923	7357	6164	5133	3701	1830	1705	1209	797	1261	821	657	428	402	230	422	143	500	131	437	79	230	79	241	121	230	34	220	77	172	52	
446	440	435	483	511	520	501	498	500	535	595	604	630	656	710	700	714	748	796	822	841	837	845	937	1035	1148	1178	1214	1252	1348	1400	1375	1334	1435	1649	1700	1781	1962	1951	1590	1961	2855	3003	3076	2668	2445	2500	2363	2487	3069	3766	3336	2496	1236	1184	2598	3097	3460	2839	2213	1902	1718	1573	1584	1603	1491	1291	1194	1194	1105	1038	1053	1042	958	949	959	912	850	841	824	781	746	723	668	641	
437	532	397	402	586	568	362	479	615	516	447	691	711	517	614	810	703	563	849	943	705	620	879	860	722	952	1145	830	557	879	1062	996	1004	899	682	1190	1780	1781	1089	1417	2732	3323	2887	2951	2714	1814	1585	3027	3812	2954	1705	2561	2196	1185	2404	5793	6195	4336	2132	2362	3007	2440	1895	2503	2700	2029	1475	1818	1898	1426	1462	1698	1482	1171	1386	1436	1108	1048	1259	1147	857	996	1122	917	837	
155	322	288	99	291	349	134	241	369	194	162	371	265	99	384	330	16	377	459	157	274	430	156	346	628	457	146	648	687	500	762	810	440	1054	1645	1368	591	706	1509	2078	2173	1995	1003	807	1146	738	227	1345	1209	1275	3786	5512	5145	2526	3265	4274	2262	2228	4073	3963	1572	873	2639	2743	1330	1281	1760	1221	553	1075	911	164	641	700	216	460	599	201	373	594	293	259	537	370	242	
135	399	214	417	356	335	263	141	303	257	55	163	499	34	150	241	207	283	239	339	26	435	293	426	444	1163	1174	963	301	677	1389	3019	2924	3609	4957	4320	6570	2837	3227	4337	8293	15772	13167	4396	8821	18060	23063	22975	17562	3649	11379	8960	13171	23355	22162	30773	35065	16528	7660	7285	10999	12672	6325	2136	1349	1245	1883	2506	1495	1227	773	67	443	207	455	301	323	339	136	220	375	229	170	197	457	
115	115	203	134	101	275	246	153	152	160	228	124	262	177	164	190	315	139	345	298	448	277	532	301	490	859	1095	1191	967	1318	669	3151	2542	2538	2296	4921	3595	2694	4832	2035	1850	4747	5673	1493	2855	5563	6902	5751	8184	7969	834	7297	12051	11770	11539	7673	1885	2839	6446	8950	2231	2676	374	2401	1769	1085	335	386	599	387	691	607	460	74	348	213	330	228	243	193	289	441	333	207	357	
170	99	179	235	140	203	263	182	193	205	162	216	180	219	338	247	214	347	298	323	346	220	375	402	355	672	787	792	1084	1032	842	1246	1244	910	1475	2056	1813	1541	1496	930	809	1468	2252	3298	4604	5306	4865	3184	1950	2621	4149	3608	604	1732	596	1241	1531	3019	3486	2815	2667	2831	2538	2003	1781	1339	931	1077	946	690	784	696	473	611	622	560	723	715	674	757	630	586	690	621	556	
160	84	82	92	228	87	239	101	267	140	307	167	45	154	122	188	150	304	102	157	374	294	361	329	489	439	770	855	1147	1371	822	1116	2187	2698	3637	5535	4932	6158	6521	7134	7867	8054	10110	9164	8009	6882	11223	16774	16381	15658	13783	19216	20406	20007	18145	12767	11930	9128	11339	8767	4190	3722	2482	1947	1832	1238	1043	1387	707	677	587	158	499	236	188	259	108	54	322	113	192	237	134	24	356	
32	131	72	93	66	63	139	22	190	63	135	50	172	57	109	190	132	222	85	209	36	199	183	229	214	325	187	76	91	456	210	1117	928	848	2358	1122	2494	1859	2926	3680	3158	6385	2001	5786	5146	5841	3674	8776	3095	6174	6567	7517	2035	3404	3559	4512	2230	4058	4069	4083	2125	4104	972	534	355	221	336	525	438	584	166	293	120	184	129	92	291	144	319	151	230	171	145	183	184	
330	394	359	255	347	412	350	292	363	344	248	289	330	281	241	365	365	364	499	612	569	554	745	843	852	911	989	849	560	734	830	642	780	1375	1743	1888	2546	3718	3923	2900	2309	2104	2850	3457	3283	2461	2600	3419	2932	1992	2668	1286	6225	9434	7027	3376	1902	2771	5014	5226	4432	3237	2484	1876	1259	921	1110	1089	900	818	668	590	657	707	523	497	643	677	518	528	650	594	461	432	395	
291	294	323	312	314	330	317	344	348	334	370	377	396	423	405	439	456	431	468	472	474	529	535	566	615	611	633	649	638	649	615	566	643	872	1045	1015	1012	1044	693	104	649	868	911	838	705	997	1038	855	1349	1608	1184	769	351	1083	1902	1573	857	1405	1581	1240	1238	1303	1154	1013	867	802	794	733	803	854	828	821	758	732	737	664	667	662	583	589	566	540	585	540	509	
369	379	371	382	390	391	400	429	430	435	472	509	500	483	504	521	510	522	584	611	613	632	656	650	669	712	751	792	866	892	773	605	592	685	816	1085	1416	1586	1604	1639	1680	1508	1011	495	716	994	922	937	1280	1569	1613	1837	2272	2506	2353	2035	1788	1435	1071	791	886	1040	1014	910	907	989	1039	1023	989	972	948	901	853	824	792	765	757	768	748	715	688	683	648	599	556	
473	449	53	390	590	438	201	492	345	286	705	501	657	458	109	448	796	292	786	389	278	456	1061	152	1570	828	548	1634	727	1196	2326	2498	2423	3281	1888	3592	5087	7697	7935	6057	7832	10251	12181	11355	11787	15684	11987	7339	13384	27101	28648	32696	44183	38865	29553	29987	27303	12821	7251	13834	10795	6862	7255	5634	3823	3358	2548	1912	2146	1289	1801	981	902	662	612	279	874	209	418	263	124	592	176	869	300	
6	61	27	14	34	60	71	20	11	14	10	51	44	33	61	141	23	105	72	114	3	107	80	91	108	265	379	443	454	718	723	1206	1948	1444	1688	1347	784	2043	2795	2243	1575	1077	1180	4425	6770	7192	5667	5851	4041	4231	6120	6749	4604	5633	2318	1013	1400	2817	3278	2412	2886	870	1228	507	536	619	327	527	185	250	230	143	239	86	83	43	102	101	61	69	80	86	90	111	135	
1017	702	653	235	1639	1124	1902	845	640	1321	488	2107	644	642	153	729	1871	1533	903	152	437	1248	2039	1061	1364	977	1831	3702	2152	3713	8367	7775	5001	7490	5449	6003	5781	12565	15849	13286	17098	17642	19667	20864	17610	27555	27257	13634	22599	58941	52359	50296	9855	48290	39850	33134	25173	14522	11412	17652	16508	9681	7298	7566	4116	4094	3268	3516	3369	1757	1633	781	1075	547	2025	669	1250	268	876	919	787	1294	932	1020	599	
30	69	38	39	50	57	41	38	14	25	30	85	33	54	33	120	20	94	49	87	180	77	255	168	351	261	348	258	316	450	494	579	214	124	259	772	1562	1299	2461	2251	3373	3581	3068	3925	4679	4548	6438	6082	6002	4876	4310	3977	4673	3551	3439	3448	2791	2232	1150	1391	512	365	810	849	387	494	193	57	272	63	228	106	199	75	118	104	93	58	13	122	7	143	10	76	73	
1625	2269	540	1038	2498	3290	909	2409	931	1468	2388	2480	938	1660	1799	925	1072	3096	2485	1579	1806	1617	2720	1926	1302	2717	3707	2525	2118	5476	2821	9237	12337	12513	8038	9853	1506	13099	31857	25527	25686	24243	20618	18137	14240	23041	30836	32281	56757	7214	2256	8074	35782	36983	3650	64543	11290	62096	35151	28870	16232	7341	6923	7645	6060	5588	3971	2795	4508	1922	1289	1843	3126	1377	2965	287	2673	950	1709	624	1007	1796	2022	791	2659	
444	285	364	83	171	301	310	396	229	507	230	292	81	553	35	521	475	736	257	173	119	503	313	1244	1013	1322	1683	1727	2781	2186	4019	2321	3609	2931	3955	2622	2427	1061	3458	7361	9252	11933	12331	11214	8810	16744	3253	14697	1246	14170	9776	8405	4688	7128	6965	7649	8003	12460	3949	6345	4864	1031	2628	2021	979	1414	581	958	1445	899	1214	720	688	815	328	690	421	636	140	491	184	360	132	433	268	
292	344	342	322	312	320	303	309	365	384	372	382	417	411	428	476	493	471	494	523	519	557	645	679	677	733	782	769	821	1012	1082	980	948	1085	1089	943	1008	1288	1369	1069	580	305	629	1108	1441	1282	539	478	1369	2165	2789	3370	3522	2818	1630	597	1106	1766	2245	2574	2559	2171	1585	1234	1156	1128	1101	1131	1079	919	836	857	831	784	798	790	721	684	706	668	599	570	577	538	533	
1368	1557	1387	973	409	730	761	1439	929	971	1278	464	651	597	1173	464	1907	1536	432	1024	596	1625	1845	1021	2044	2455	2896	2544	2848	2982	2734	2824	9364	10466	8082	9840	7159	12197	16489	12620	13602	11807	10148	32151	50222	47440	29823	7857	16731	37412	40844	53752	58481	47233	35786	37591	31007	28367	12513	14233	11437	6511	7038	10000	5746	2706	1166	1918	2882	758	1358	1734	746	153	1569	1643	657	1897	441	412	193	167	497	1432	1591	
92	53	111	85	121	107	43	77	42	56	76	38	53	133	20	175	78	213	209	178	302	140	264	268	260	467	296	913	704	1098	929	1248	1515	1762	2402	2767	3700	3497	3288	2200	2172	2063	1598	1914	1853	1346	752	2529	1523	4562	4410	7024	6903	7115	6753	5223	5069	3801	2343	1489	365	262	123	309	93	371	239	384	361	300	256	110	83	29	105	56	77	72	59	74	44	84	124	132	178	
563	555	610	638	595	588	615	628	614	672	705	702	706	767	786	839	897	963	929	943	1058	1174	1151	1180	1246	1301	1436	1746	2055	2100	2040	2100	2293	2301	2496	2831	2816	2328	2224	2981	3627	3764	3771	3620	3538	3618	3662	3309	2706	1886	1988	3399	5668	5991	3406	1609	402	1506	2296	2656	2205	1737	1566	1674	1614	1381	1243	1330	1282	1040	895	1058	1126	1035	924	967	968	937	914	908	845	788	824	836	781	
762	400	41	212	259	1395	1203	1048	173	559	622	1177	1258	92	1063	558	196	476	1090	416	618	128	1420	701	2023	833	1997	1684	647	1615	2349	2458	4440	2643	3486	7150	11113	10589	6295	8269	2054	19514	24299	36183	26140	7336	19776	20954	26350	32132	35848	32908	6334	46049	49302	49120	37024	21903	11846	8523	13063	10651	10974	5452	5225	1435	797	452	2411	1396	2276	491	399	593	1645	338	234	569	82	351	606	522	968	648	761	
40	19	115	47	73	78	73	28	65	48	79	100	62	102	91	106	71	123	88	220	64	216	130	234	143	221	227	89	235	390	471	890	677	828	1401	475	276	1147	859	1077	1677	1433	306	1857	925	3001	1722	1078	4928	4719	6887	10003	9098	8022	4045	4644	3184	1077	1062	1963	1396	1308	392	210	166	543	141	435	287	451	221	245	187	85	170	45	104	46	35	76	67	154	22	172	57	
137	522	97	422	7	137	553	134	450	405	463	645	447	290	444	644	179	172	621	377	324	542	107	211	1048	1568	1362	1368	1305	966	967	2404	5071	4638	3730	6227	4720	5197	8439	16161	17502	6556	7629	20446	25622	24834	23250	14554	4063	10985	37077	52936	33946	15443	7256	6957	11751	18534	21671	14434	7305	428	3514	3511	3368	3151	1830	1676	694	1015	348	1050	946	612	413	389	425	472	942	327	531	679	703	777	482	
108	151	114	105	125	134	186	113	154	214	120	168	216	114	164	203	186	195	169	288	148	316	246	205	426	361	382	266	742	375	962	672	1605	1576	746	777	1260	2407	1549	3693	2500	3857	3816	973	1086	7512	4363	7654	2272	4384	4180	1292	4247	9606	9867	11745	5120	3026	1578	1466	4254	1324	4140	373	1214	423	840	356	918	613	688	402	499	210	132	377	133	249	219	301	238	272	233	112	157	
402	447	558	543	432	513	577	513	492	635	632	560	658	741	643	626	788	803	753	912	1071	977	944	1132	1215	1157	1366	1566	1510	1539	1855	1891	1548	1646	2182	2229	2021	2509	3049	3030	2724	2998	3126	2432	1613	2102	2696	2289	2607	4047	4691	5005	4447	3493	2764	1833	976	1982	2472	1621	1119	1413	1559	1236	1125	1210	975	835	1035	1129	986	1091	1198	1049	874	1015	1050	871	816	954	918	798	842	839	694	
492	596	624	567	582	663	626	589	683	753	694	701	798	810	751	849	921	838	860	1074	1155	1073	1150	1324	1312	1195	1383	1558	1565	1642	1949	2062	1987	2145	2361	2231	1996	2157	2411	2171	1953	2599	3384	3675	3386	3118	3371	4030	4602	3992	2781	2094	2046	2309	2071	1935	2093	2353	2528	1933	1623	1660	1391	1063	1185	1466	1348	1083	1127	1154	1028	997	1124	1070	944	956	1005	917	860	933	926	818	768	794	743	
125	560	388	596	526	1006	468	75	337	542	379	794	466	234	658	288	406	1040	855	654	701	301	516	919	1217	1843	1572	2311	699	1216	1668	6279	6600	8797	5386	4635	6826	12449	14799	23317	22128	13794	2128	13484	21720	26115	30224	27764	7799	6735	28782	41615	45894	33050	8763	15521	17671	15252	26877	17743	15115	6823	4819	4887	3620	3092	3600	1793	1965	315	1448	1307	826	481	446	556	530	1027	445	318	218	717	450	338	650	
50	23	12	16	63	61	36	24	34	1	64	21	98	58	49	75	45	85	67	37	104	215	127	215	102	164	228	259	516	574	903	812	1190	1365	1017	2024	909	1232	808	169	2436	2861	3226	4793	4359	6101	5546	7309	7024	4471	5846	2277	4963	2242	1835	4661	3677	2851	3155	1848	913	1236	255	614	23	544	185	382	194	249	108	182	186	35	127	55	39	66	93	128	106	66	85	145	69	
506	511	553	583	576	553	617	624	611	623	702	715	710	760	811	808	813	891	901	908	979	1065	1044	1089	1234	1328	1287	1341	1471	1560	1546	1611	1748	1801	1814	1886	1976	1822	1849	2227	2687	2562	2338	2563	2952	3141	3222	3193	3123	3138	3296	3022	2594	2659	2218	1629	1304	2017	2460	2054	1589	1165	1275	1329	1085	897	993	1048	977	974	1001	967	932	968	966	909	884	904	893	845	831	819	800	773	742	
260	206	337	319	288	315	25	146	456	513	274	163	278	604	241	346	73	143	372	607	216	144	206	461	317	675	992	1657	2158	1980	1597	672	2093	4250	4950	7864	9270	4136	1471	8514	13998	14412	16171	13911	7070	9388	21542	29008	24750	20721	12310	9042	19710	34302	37220	25457	14535	1609	6891	9622	8634	9220	7520	3523	2724	1680	2131	1315	2018	173	730	154	1016	376	905	110	86	93	269	252	606	5	27	209	332	
146	202	107	104	39	165	71	82	48	111	98	155	78	168	102	159	133	303	123	296	55	226	286	269	353	291	705	731	880	489	1079	1178	1346	2258	2469	3759	1455	3603	2445	5307	1774	5084	3295	4008	4659	5568	3557	7115	6428	12249	10788	10085	7990	8913	6629	5019	4456	3180	2667	3482	1750	655	1976	977	1298	221	411	1013	534	549	292	541	287	374	205	237	212	205	134	253	73	160	96	180	220	
486	466	478	502	510	525	543	562	557	575	594	622	635	669	677	692	720	768	791	804	842	860	870	905	995	1020	1010	1025	1100	1080	1095	1260	1477	1503	1295	1196	1321	1485	1528	1702	1914	1863	1475	1355	1667	1894	1668	1551	1936	2253	2421	2651	3083	2754	2219	1372	1286	1870	1633	1057	706	1175	1493	1273	905	880	1052	1042	953	939	966	911	878	891	900	868	850	838	812	776	751	735	715	711	683	
318	333	336	351	373	383	391	415	419	424	446	477	481	496	531	548	542	570	617	627	638	681	732	743	772	808	830	858	930	974	967	1008	1121	1206	1204	1220	1251	1208	1180	1322	1533	1574	1477	1396	1377	1426	1626	1889	1977	1935	1927	2283	2450	2041	1366	871	838	1114	1351	1192	967	981	1074	1017	891	909	966	892	810	836	854	807	789	820	787	729	719	727	678	651	655	628	574	579	600	
335	337	344	352	371	383	392	386	401	416	425	432	456	476	480	490	515	542	559	579	589	609	646	689	700	718	757	795	812	863	909	884	831	876	968	986	996	1089	1194	1136	1043	1121	1404	1514	1350	1220	1383	1764	1840	1520	1385	1691	1928	1805	1088	1122	1501	1519	1253	872	874	997	882	742	792	862	798	736	747	736	692	690	715	679	636	622	622	600	587	580	561	546	536	514	480	
348	397	406	391	403	437	422	425	456	475	465	488	516	509	511	570	594	571	589	634	639	633	698	740	733	745	813	816	802	883	982	955	932	1057	1106	970	912	1089	1252	1174	1089	1191	1271	1282	1327	1513	1427	1207	1356	2010	2555	2459	1701	1165	1470	1811	1571	965	837	1188	1454	1256	944	1060	1212	1102	910	967	1038	913	803	867	882	793	778	834	797	718	724	749	692	650	654	631	574	
333	348	321	327	366	373	356	391	417	394	392	442	454	417	433	474	461	448	513	544	519	533	591	574	543	610	666	635	660	739	693	619	776	947	850	624	738	909	831	595	860	1162	1088	857	1078	1700	1916	1733	1621	1824	1944	1857	1818	1769	1847	1833	1449	972	985	1183	1161	874	807	1054	1084	911	836	940	915	802	806	856	785	718	762	775	702	680	711	685	628	648	663	606	568	
250	237	265	288	281	281	310	306	303	326	343	334	354	385	375	375	420	444	418	438	481	486	486	533	552	537	573	603	578	598	688	694	656	741	814	711	629	855	1030	821	586	800	1027	967	799	1032	1097	933	1066	1653	1905	1517	940	857	1189	1359	1115	724	731	969	1081	895	714	812	858	759	721	812	800	702	696	730	677	631	664	662	599	583	592	552	514	530	518	463	450	
74	60	34	36	55	17	61	3	26	119	80	44	67	167	42	128	30	75	94	123	85	194	103	48	112	307	432	511	779	799	621	607	1613	1865	2091	3200	3313	2416	2308	4319	6189	7067	7916	7536	6233	3806	6271	12372	15438	15239	13142	8002	6983	11242	14474	16824	13607	6822	4084	3577	4301	3753	2807	3042	1434	272	108	992	836	449	533	404	68	131	154	317	174	77	177	130	60	156	169	64	122	
102	63	67	95	135	150	158	110	48	101	97	138	149	127	162	147	166	87	117	156	205	394	469	488	387	199	372	508	218	973	730	701	2317	2678	644	2686	2728	755	915	1463	4499	5654	1334	4327	5107	321	4421	4157	3990	6172	5888	7179	8924	5841	5492	4781	3532	6828	4169	3998	1681	2096	1473	2471	2309	1098	690	1138	505	668	462	306	375	159	205	114	182	201	80	51	177	150	113	191	79	
283	397	353	324	461	447	350	382	476	375	347	454	409	364	482	489	414	580	647	533	530	631	559	517	706	780	794	919	1051	1158	1489	1711	1538	1229	1260	1729	2439	3099	3264	2871	2701	3140	3607	3531	3657	4268	4351	4972	5533	5769	5622	3692	1828	821	2665	4771	2762	741	2931	3234	3153	1608	1757	2692	1931	728	1365	1678	1158	608	1043	939	614	804	777	442	563	721	513	502	690	610	496	677	665	
403	392	438	446	448	500	488	497	506	522	550	534	588	603	597	629	589	613	658	692	714	695	765	766	788	917	954	1002	1041	1014	969	1006	1101	1012	955	967	943	1049	1062	1429	1725	1347	1047	1085	825	811	1195	2120	2560	2793	3276	2392	1337	2204	1346	1098	1621	294	1396	1721	1011	1474	1481	1247	1504	1226	1193	1214	1016	1234	1155	1088	1164	1079	1107	997	956	992	873	890	851	813	804	720	744	
408	412	430	457	494	474	467	467	468	465	508	570	585	599	595	587	569	616	644	670	700	758	771	768	823	893	980	1065	1079	982	1008	1185	1231	950	693	820	857	776	1265	1850	2007	1686	1213	942	558	766	1705	2380	2550	2608	2776	2608	1378	511	2238	2970	2826	2265	1972	1856	1481	950	994	1253	1330	1341	1353	1197	1029	1047	1117	1057	1016	1071	1046	967	961	1001	930	852	834	831	770	765	759	
479	656	408	431	262	457	273	156	303	404	777	232	676	772	507	687	659	812	320	382	444	336	57	735	720	566	689	648	1016	2838	1504	1568	3564	3323	3080	8264	6637	6473	6035	8477	11096	11593	18163	22471	24604	24805	21127	20215	28753	33133	44354	45705	34813	44568	32512	18242	27243	24261	19028	18312	14259	10501	9615	6082	3639	4931	4134	139	1867	2941	734	2297	1643	1257	801	1858	789	472	1323	996	1291	812	313	1144	1788	
28	23	59	27	76	38	60	47	45	11	50	51	63	21	79	32	49	71	52	98	37	101	59	185	151	211	159	110	75	265	269	310	124	73	373	488	182	263	874	1034	546	1994	1265	2666	3282	709	1124	920	1492	138	2791	4464	6238	7310	4601	4429	2983	341	1056	303	289	881	613	43	182	308	446	180	79	70	32	180	80	84	61	126	25	93	10	61	36	27	23	92	42	
353	398	449	424	428	464	457	406	455	507	486	458	497	511	475	510	571	554	530	627	681	633	622	710	697	639	725	829	743	600	665	738	573	416	510	484	502	948	1355	1465	1234	821	732	1185	1986	2688	3038	3036	3013	3189	3162	2754	2213	1563	819	666	1617	2185	2008	1288	635	961	1090	904	943	1172	1138	964	1023	1162	1098	996	1040	1043	922	902	1000	979	850	810	834	751	666	677	679	
358	396	469	496	479	437	398	438	511	572	583	536	491	502	581	692	734	747	703	706	784	902	1007	1039	1013	998	1038	1168	1314	1401	1393	1266	1182	1234	1439	1704	1926	1937	1687	1425	1387	1648	2295	2709	2635	1978	996	252	827	2222	3704	4078	3387	3054	2848	2259	1832	1663	1728	1911	2175	2076	1700	1305	1115	1216	1353	1415	1327	1098	900	837	920	996	990	899	737	640	643	702	733	685	609	547	561	
409	426	424	437	448	472	476	490	517	535	532	535	561	577	594	623	657	665	696	734	741	717	760	831	858	841	901	946	915	905	1009	1060	926	867	1105	1285	1164	912	996	1264	1221	1099	1267	1602	1621	1593	1663	1614	1415	1355	2038	2633	2548	1968	1709	1931	1827	1153	740	1044	1342	1434	1260	1145	1163	1167	1108	1066	1083	1102	1074	1012	966	951	940	903	868	844	815	771	746	718	698	660	634	
153	41	102	131	88	184	162	193	164	125	49	178	225	185	226	41	137	112	144	243	133	307	191	293	528	240	467	543	482	966	1091	1353	1845	1612	2300	2343	3580	4551	4509	5649	4737	4323	5055	5968	7580	9015	9416	8589	6112	8018	11122	12252	15992	14563	13001	10466	7360	8167	7234	6904	5126	2446	2422	1814	1295	1359	1036	903	640	400	502	291	285	367	69	219	132	94	124	119	59	56	94	137	175	
7	21	38	37	55	31	65	24	29	26	47	5	30	36	35	45	88	74	95	132	77	84	105	132	67	202	58	217	41	407	225	637	946	22	510	623	868	1185	1339	1906	3338	1045	2832	1023	2201	377	3396	2351	4053	862	5751	4585	7475	6444	5592	5805	4815	4549	4107	2640	2643	2642	902	1340	548	475	405	349	273	307	90	267	105	144	131	46	83	15	78	54	46	74	90	81	88	
328	341	336	342	360	376	369	383	403	411	414	437	458	467	481	504	522	537	566	591	608	628	662	678	700	736	768	781	831	879	870	846	903	982	929	832	877	1017	1040	981	1011	1076	1058	1039	1113	1217	1223	1211	1154	1038	1005	1203	1508	1580	1467	1318	1149	973	832	773	737	719	754	828	849	812	798	803	787	764	766	754	709	682	682	662	621	603	591	567	536	520	498	463	446	
94	119	53	37	78	153	232	161	133	62	49	184	178	128	125	269	147	92	166	158	292	352	62	366	250	317	638	417	923	801	825	1356	1821	2356	2825	3219	3894	3577	4435	4825	4878	6015	6517	7591	7294	7975	10030	9110	11122	14425	12900	12224	12386	14070	14541	13736	13433	10300	7461	5340	4490	4036	2937	2474	2115	1968	1441	874	803	815	393	590	301	307	222	123	90	204	136	110	103	112	75	46	184	
164	195	194	147	197	213	192	192	223	221	182	223	237	217	208	233	222	200	193	238	219	210	270	281	274	353	445	486	629	746	787	883	976	1084	1314	1520	1470	1549	1702	1940	2033	2167	2455	2645	2385	2702	3068	3566	3991	4709	5464	5770	6437	6913	6740	6301	5968	4791	3715	2979	2574	2119	1710	1604	1483	1350	1163	1000	949	809	740	662	583	544	474	490	430	421	443	400	381	357	370	337	304	
358	251	35	161	36	300	95	247	222	188	262	242	189	417	30	340	422	233	257	147	512	265	481	304	588	449	657	1289	2014	2314	2669	2885	2162	2901	2333	5408	1555	6242	1367	4334	6023	7926	13192	10909	10374	7357	12995	6585	12775	12276	20363	15427	9700	13165	9648	11483	2456	7729	658	6939	1685	3696	781	2972	2028	1375	2306	872	1621	931	835	1011	383	455	455	125	418	201	356	332	51	368	193	130	665	
48	204	181	124	68	196	116	129	243	9	84	171	192	98	57	158	215	97	270	129	302	177	190	300	376	245	647	825	798	1204	1520	1574	1949	3171	3287	5554	5933	5470	6200	6222	6746	8688	11679	11963	10733	12755	12315	12510	13063	16228	20890	20027	21226	21143	17939	14384	13848	13787	11578	9748	7505	6139	3741	3016	2650	2310	2298	1412	1469	1051	806	498	360	485	388	291	274	95	252	353	258	52	55	164	238	
103	97	89	94	89	129	130	128	176	180	199	182	184	192	143	152	140	133	109	132	165	171	266	311	372	441	494	525	515	531	617	597	733	948	1343	1756	2273	2711	3321	3846	4365	4809	5130	5251	5230	5130	4751	4298	3650	3266	2608	1439	654	1261	1739	2548	2856	2715	2525	2355	2179	2017	1740	1438	1271	1041	877	670	573	482	368	323	293	256	229	248	259	226	253	255	222	209	196	193	130	
83	135	118	117	155	165	177	184	199	200	172	207	209	219	214	257	304	280	371	382	346	289	233	259	293	488	629	611	662	551	494	527	960	1443	2073	2735	3168	3348	3261	2842	2138	1030	792	1887	3482	4859	5500	6435	6976	7176	7045	6096	5769	4768	3242	2493	2237	2442	2322	2288	2026	1847	1594	1339	1328	1259	1145	1059	974	862	691	525	457	361	351	355	401	423	408	443	403	369	336	274	292	
193	183	143	199	229	181	154	221	223	182	193	231	219	166	229	252	175	226	282	259	226	367	399	318	406	565	462	395	589	745	723	949	1216	1345	1315	1395	1345	1348	1313	1774	2639	2853	2920	3215	2540	2046	2403	3456	4490	5247	5916	6934	5764	4875	4861	4747	4067	3463	3885	3552	2434	1619	1603	1576	1235	903	1143	1238	917	772	926	815	514	536	611	469	324	470	422	291	330	393	287	258	335	
153	184	118	171	154	159	132	172	75	128	122	149	151	132	292	80	210	246	327	166	285	496	304	96	514	826	340	263	1042	1728	805	2234	2398	1293	3009	3422	3353	4831	5723	4167	4883	4587	4852	4828	7099	5603	7479	7164	9265	6302	3924	8086	7892	6547	10331	6275	4083	5152	2394	3125	3733	4453	1439	1718	779	943	469	1179	584	153	183	382	365	116	257	216	161	139	148	190	164	101	233	265	217	
335	362	394	398	398	429	425	421	431	465	457	483	519	533	519	551	619	636	643	687	738	747	789	846	892	904	976	1059	1092	1124	1215	1291	1268	1277	1385	1488	1489	1482	1610	1735	1753	1674	1735	1941	2130	2271	2280	2041	1856	2090	2276	2135	2184	2585	2497	1879	1643	1874	1892	1652	1451	1491	1529	1426	1321	1306	1300	1233	1191	1185	1155	1085	1055	1013	963	911	892	849	790	763	741	704	671	672	650	
470	450	500	512	502	501	558	569	594	628	660	645	674	707	705	709	767	822	834	887	946	990	1001	1126	1206	1185	1203	1371	1448	1418	1485	1671	1714	1552	1646	2024	2131	2041	2127	2171	2027	2203	2605	2281	1864	2408	3269	3097	2527	2323	2868	3314	3573	2945	2726	2877	2285	1164	1114	1702	1724	1405	1400	1614	1519	1316	1292	1348	1284	1231	1213	1164	1105	1117	1076	994	941	951	892	802	789	804	743	632	631	
1041	1811	1464	2150	1996	437	830	738	959	1916	1308	1571	1995	850	2497	1318	1331	95	1909	685	2684	790	253	3550	666	1955	2202	2446	7752	5161	4415	8379	7373	4476	8360	16911	10994	10708	24909	16644	21604	10517	30784	8631	15282	42115	46285	18716	20196	39095	28665	20893	49595	11435	12999	18595	37897	51692	21960	1391	18740	19243	5496	7805	11086	7122	4326	3750	3333	2433	2873	2700	1863	1503	1622	1181	2534	1305	1498	878	1529	1582	1212	582	1033	
266	283	285	288	297	329	317	338	342	369	367	406	407	429	431	475	481	509	529	566	569	603	643	671	685	703	728	741	757	826	891	898	1027	1061	1133	1118	1303	1616	1925	2120	2208	2396	2505	2531	2621	2982	3332	3501	3488	3762	4210	4480	4443	4342	3608	3086	2633	2379	1884	1417	1315	1263	1171	1097	1102	1045	992	917	901	874	832	765	745	708	672	630	614	584	547	524	502	495	457	446	412	
14	20	63	61	49	101	27	71	99	27	61	170	19	97	131	150	48	40	23	61	123	134	97	99	175	399	332	865	961	1484	1499	775	896	660	1107	2330	3060	2823	3158	3562	3065	1387	3151	4992	6671	5231	9068	10221	7282	7601	1523	3727	3318	8668	7649	2325	1115	3144	3126	899	619	1646	1779	733	826	519	289	192	213	299	171	223	233	113	131	103	67	138	12	170	106	120	94	57	83	
293	244	333	346	237	306	370	280	191	345	296	210	271	365	202	175	340	229	98	519	663	434	398	834	949	703	843	1353	1618	1569	1644	2040	2375	2452	2428	2271	2434	3053	3406	2672	2277	3482	3835	1997	1293	4707	6536	5658	3309	3421	5941	5633	2831	2552	7196	7840	7231	4558	3183	4480	4276	3273	3705	4253	3706	2882	2845	3062	2657	2184	2100	1933	1466	1296	1461	1251	965	985	1092	778	751	998	1011	735	732	
2901	3035	1122	1116	4607	2501	430	1251	3048	2024	1591	647	2779	2921	1153	1643	2648	2309	2149	2675	3750	1307	3405	5081	641	4567	3942	1589	4695	2790	10917	17891	6563	9810	15437	12736	8293	2294	10282	14640	23869	44180	51552	26256	15217	56511	48920	19220	31292	25961	27745	5568	15991	20351	16143	53483	31764	28559	23537	32930	20399	21213	27689	15826	8548	9893	6314	4546	4552	5579	6213	3370	673	4601	3977	1224	1849	2030	4628	1392	2672	3370	1634	1256	1439	
19	57	29	82	71	112	30	101	78	27	57	32	64	41	39	69	40	105	147	87	196	153	228	279	380	124	217	228	263	213	304	634	392	481	956	1297	1773	2924	2100	993	2104	2316	1449	1297	1763	426	866	100	2058	4094	6764	6785	5091	8165	7326	5333	4838	1985	1384	1766	1185	1247	1211	615	329	365	174	180	117	117	134	121	104	149	52	62	63	46	23	37	3	23	67	122	57	
366	329	349	412	389	382	406	426	409	432	473	466	478	524	554	541	605	666	657	671	807	880	855	848	959	1040	1094	1192	1265	1254	1319	1440	1479	1602	1855	1958	1605	1313	1730	2205	2194	2058	2215	2367	2063	1739	2115	2651	2825	2361	2018	2292	3100	3865	3872	3101	2003	1519	2090	2256	1930	1885	2060	1979	1690	1625	1730	1636	1443	1400	1341	1180	1096	1140	1051	905	889	911	799	742	792	783	681	691	740	
241	595	396	210	666	679	150	170	409	211	432	340	661	597	78	169	515	1165	173	302	804	622	97	655	602	1288	1267	1878	3016	3020	3263	2513	4102	2675	1009	4276	7125	7920	11580	14221	15065	15425	13567	9065	9421	9969	12030	20896	28013	31120	34159	35475	37437	34767	15658	19869	21320	17268	22051	17927	12340	10397	7411	5965	4477	1615	1500	671	1334	1090	1853	932	1058	528	1176	224	667	283	362	614	470	258	594	349	256	
244	275	264	298	290	317	283	285	303	325	328	343	355	337	341	352	365	367	416	473	499	517	581	606	681	718	849	950	1044	1093	1275	1414	1401	1683	2019	2224	2410	2715	2933	3042	3183	3353	3779	3814	4402	4425	4592	4996	4961	5271	5508	6017	6101	5816	4980	4199	2610	2439	2578	2269	2871	3183	3206	2975	2735	2513	2193	1876	1589	1386	1229	1090	1006	927	844	791	727	646	598	582	559	533	510	512	493	
43	39	32	54	13	67	59	84	14	121	27	128	75	62	31	51	64	40	39	54	87	147	111	125	132	214	206	180	234	229	338	103	925	947	1016	1674	850	2240	2027	3411	5172	5634	6303	6822	6340	3710	4268	3140	4412	6298	1648	2700	3826	3878	512	6570	8551	4718	1700	2419	906	687	685	45	257	163	299	53	365	294	179	278	179	210	50	126	29	149	59	69	45	108	41	21	94	
404	421	425	430	456	449	463	489	514	516	547	591	599	606	642	675	690	728	766	789	810	877	913	930	976	1057	1080	1093	1153	1172	1154	1270	1477	1550	1420	1502	1884	1916	1516	1358	1921	2304	2201	2080	2093	2101	2136	2487	2822	2780	2472	2462	2626	2551	2177	2071	2120	1772	1517	1476	1676	1734	1621	1634	1684	1548	1369	1385	1395	1314	1182	1178	1161	1094	1035	1028	973	918	901	877	813	768	760	738	699	
333	346	249	154	430	275	323	50	343	337	387	121	187	472	366	229	393	304	377	317	151	641	648	808	1072	1460	810	1010	1471	1560	1293	1507	2899	4729	4654	6250	8487	6861	6867	6212	7028	10263	7638	9760	15715	16778	17555	20548	20940	20226	14357	13983	25987	29520	22972	22067	23591	20789	15398	13123	10588	5563	3635	2408	2044	1833	1971	1811	1418	1166	744	1045	459	343	229	88	363	43	136	561	205	465	213	175	329	
239	296	279	298	293	283	302	300	306	277	336	354	341	378	370	404	425	440	442	487	548	518	568	596	635	775	922	1085	1252	1501	1647	1743	1886	1939	1962	2091	2260	2386	2735	2980	3295	4020	4568	4906	5218	5365	5456	5767	5468	4843	4603	4072	4496	4749	3860	3043	2419	1584	1001	860	1008	1061	1097	1233	1246	1234	1209	1172	1047	934	876	764	693	640	595	558	553	572	518	491	484	462	470	463	446	
15	70	33	27	72	42	46	81	50	71	81	4	55	84	36	36	41	89	89	60	91	187	40	57	215	203	62	284	357	495	285	498	611	626	964	694	1037	1687	2373	2200	1577	2448	2622	2387	543	2198	2553	3170	6317	8349	8079	5912	3691	1279	1598	3871	5783	3858	1783	1182	425	558	595	304	386	90	224	311	240	65	112	35	91	169	39	120	69	42	13	86	30	125	108	108	146	
207	90	47	102	354	96	35	332	147	253	161	397	150	197	220	224	233	81	45	455	192	305	518	670	94	382	692	621	495	331	1117	1527	1694	3327	3973	3635	1943	1067	2060	2998	4580	5895	10379	12731	13792	16110	17797	18039	15982	11904	12398	14502	12319	16114	18365	20066	20939	17613	13811	8821	4824	3996	3576	1146	315	907	1652	1340	546	1297	1119	144	504	763	566	235	405	537	459	285	280	531	297	421	434	
303	344	332	344	349	366	335	370	384	375	383	422	429	417	457	460	488	528	581	588	642	679	705	708	777	895	951	1077	1171	1214	1234	1356	1451	1539	1578	1708	1714	1840	2118	2588	3219	3526	3719	3704	3619	3013	3143	3764	4319	4507	4313	3571	2552	2456	2546	2558	2858	2939	2759	2569	2348	1949	1757	1574	1486	1329	1289	1240	1203	1117	1032	974	878	809	721	687	630	602	560	554	528	518	503	489	504	
62	12	25	149	112	65	32	35	139	132	134	68	129	144	151	57	33	67	96	79	237	139	37	239	183	338	237	491	592	606	771	307	525	1531	2305	1066	1621	2224	464	2051	5312	4539	3384	3590	4292	3189	4950	1689	4618	4523	6828	9657	9140	5751	6569	7061	2385	3495	3114	2232	2650	229	1543	633	899	586	674	307	342	58	261	417	81	239	164	152	214	199	108	114	137	125	130	35	70	
174	191	187	185	212	215	204	216	241	233	234	267	278	270	290	326	321	329	370	392	378	407	451	448	444	506	547	534	563	634	651	621	671	740	747	737	805	822	798	833	891	840	814	992	1091	1002	931	1165	1290	1149	1094	1255	1246	1006	925	1179	1270	1047	886	928	895	771	733	783	742	658	675	702	639	583	596	580	520	505	513	475	436	439	423	379	366	373	346	322	328	
376	362	415	435	408	424	472	466	456	500	529	507	515	584	594	577	602	660	654	669	719	747	742	822	906	872	825	929	1036	984	961	1072	1159	1111	1131	1257	1275	1218	1307	1414	1271	1092	1402	1800	1805	1519	1682	2027	1822	1425	1963	2526	2233	1658	1869	2350	2060	1362	1189	1362	1294	1113	1129	1247	1198	1088	1119	1151	1044	978	1024	1017	920	891	912	870	787	791	795	724	671	681	666	591	569	
406	410	424	448	437	451	472	494	490	502	527	542	544	569	595	601	613	641	673	690	709	719	740	763	790	772	800	883	947	912	906	982	1009	1039	1176	1285	1219	1033	1205	1637	1647	1296	1194	1597	1704	1432	1525	1966	2053	1778	1737	2314	2532	2103	1738	1746	1724	1506	1170	1003	1029	1123	1168	1080	960	974	1056	1048	984	985	1010	961	911	929	922	854	817	826	788	738	723	710	658	627	632	
272	266	249	283	303	275	291	331	323	301	349	371	338	360	420	409	382	450	483	442	466	552	536	498	574	638	588	588	693	703	642	719	811	747	675	774	857	813	862	981	980	921	1073	1199	1125	1090	1217	1168	1005	1418	1896	1801	1215	1431	1717	1211	586	984	1350	1184	784	823	983	863	738	854	899	780	752	827	787	696	724	736	644	612	658	621	534	550	563	494	459	496	465	
337	369	376	367	395	416	394	400	447	455	424	461	501	480	469	536	556	524	541	610	599	570	624	665	644	673	758	726	661	754	855	786	797	966	976	760	753	1063	1187	956	1044	1471	1473	1173	1287	1627	1529	1025	1392	2153	2066	1328	1650	2392	2145	1265	1092	1336	1239	888	940	1140	1026	820	864	939	875	831	891	877	780	791	852	785	702	733	743	656	617	657	623	536	545	578	524	
227	228	244	255	255	262	279	283	291	303	314	314	328	343	349	359	378	392	403	432	454	462	473	508	531	534	545	581	609	623	632	653	678	680	669	707	800	836	792	802	951	986	863	894	1093	1138	920	890	1247	1320	983	998	1548	1629	1193	1084	1214	1082	782	717	928	946	762	727	829	796	701	714	760	713	665	686	682	626	613	616	575	536	536	515	465	455	460	427	386	
39	36	57	64	14	33	67	61	21	62	84	61	28	85	105	81	39	94	117	70	61	118	211	74	217	391	338	296	521	596	413	666	751	998	750	1018	1828	2101	1955	2644	3490	3172	3515	3719	3284	3681	3430	3986	4819	5633	7390	9008	9824	10928	11803	11019	9754	7776	5475	4771	3572	1994	1631	1431	1121	637	616	874	692	285	494	453	252	95	224	165	104	127	157	65	93	183	113	53	158	
209	222	230	223	246	230	259	243	268	259	279	290	288	315	322	355	355	390	397	403	445	416	492	465	497	507	545	563	555	635	654	589	818	533	804	872	489	1151	298	1390	236	1063	673	589	1380	490	1289	403	1904	126	1425	1123	1021	1622	971	1583	1402	997	777	1159	763	913	754	983	704	743	784	685	770	700	747	682	678	644	618	576	547	516	478	462	422	433	382	394	375	
10	102	107	85	91	130	67	112	48	118	104	120	63	144	133	129	111	104	145	181	157	212	81	269	275	249	473	668	547	687	1256	1143	896	915	1550	1192	1538	2619	3485	2985	3905	5935	5629	4932	6624	8436	7004	5878	6923	6862	4840	7154	11274	8943	8220	12296	13200	9371	8122	8375	5524	3543	3759	2808	1325	1340	1116	616	133	429	611	438	23	361	374	128	231	244	99	148	216	138	82	189	71	
176	198	149	148	159	113	198	166	242	138	226	129	218	196	288	234	264	237	243	282	254	410	284	514	384	602	457	540	575	608	892	1129	1316	1391	888	910	359	1216	1853	2191	2572	2015	1746	912	1650	1887	3705	3563	4531	2716	3464	579	1581	2809	2954	4619	3534	4269	2853	2715	1562	804	1548	528	1591	867	1363	670	760	489	548	443	513	468	486	422	392	412	273	388	274	408	247	361	194	
253	253	277	266	286	296	314	304	330	352	346	375	376	383	393	405	401	406	423	428	431	454	482	508	488	561	553	579	598	655	534	651	590	626	798	420	1160	232	979	723	1057	799	643	1709	196	1508	973	1211	1736	1173	1927	480	2330	1119	2396	254	2333	2408	544	1604	750	1106	793	657	911	615	689	730	698	659	683	717	653	625	666	622	585	583	535	519	480	471	456	414	432	
355	347	381	399	371	402	443	425	406	460	500	459	473	529	531	497	552	600	565	543	614	630	583	623	707	681	629	723	767	675	663	833	887	768	731	893	957	886	1007	1294	1468	1362	1153	1200	1358	1461	1614	1720	1762	1862	1814	1963	2606	2790	2184	1848	2026	1769	1148	702	966	1301	1279	963	1006	1226	1158	940	975	1046	931	836	902	898	788	791	843	781	687	741	756	667	633	695	675	
111	41	26	97	91	71	59	83	134	101	60	119	147	35	41	165	155	72	48	178	216	44	152	337	303	153	382	669	383	670	1199	1127	1050	1665	1940	1468	1834	2218	2273	2028	2506	3472	3941	3573	4745	7398	7900	7886	10046	12219	12093	11737	12737	13491	9760	6466	7093	5785	3287	2841	2829	1824	1618	1462	1236	1055	732	574	696	577	203	326	316	186	31	167	61	88	101	66	33	79	143	23	103	
64	26	21	35	53	36	11	44	35	58	79	18	20	65	85	51	81	37	46	43	99	66	42	156	70	196	311	148	144	383	461	679	652	344	823	1809	1075	1272	821	1264	2746	1735	2552	4924	2987	2029	4981	3298	2372	4960	1276	5483	7202	5638	3749	929	3339	1496	747	1107	609	755	1319	435	823	449	353	441	265	377	363	196	60	236	106	144	56	55	108	174	110	115	45	40	38	
403	431	350	368	464	419	365	469	506	419	459	565	501	452	590	631	495	551	703	627	511	713	792	613	641	862	787	585	849	1033	829	770	1107	1060	625	1004	1563	1342	647	1019	1470	1106	429	1389	1935	1563	724	1849	2425	1948	1292	2386	3014	2587	1398	1175	1727	1857	1721	1337	962	1246	1517	1279	908	1052	1223	981	753	925	967	744	723	873	782	632	737	790	629	595	709	648	506	585	634	
383	372	291	355	422	358	347	459	450	364	451	550	459	431	576	593	470	557	675	572	513	723	767	587	672	864	767	628	908	1041	823	821	1161	1125	761	981	1379	1096	657	1331	1740	1253	497	1106	1370	1068	1176	2104	2375	1998	1809	2426	2594	1945	1668	1840	1712	1327	1360	1255	808	953	1371	1272	881	986	1216	1014	768	980	1057	811	742	932	869	674	762	853	687	600	735	712	542	596	681	
408	408	326	397	463	402	374	486	487	405	478	559	479	454	592	595	478	571	697	591	531	725	769	580	649	846	760	632	880	976	708	715	1067	1029	632	939	1382	1196	741	1269	1696	1196	587	1544	1949	1540	1007	1797	2383	2189	1484	2018	2788	2564	1661	1602	1766	1412	1170	1056	902	1017	1208	1051	823	947	1082	912	726	864	919	764	713	825	771	641	690	744	629	573	659	635	525	556	599	
67	136	229	83	95	191	150	95	133	160	205	135	147	215	157	206	219	233	188	265	235	147	270	358	364	65	377	620	311	311	1096	1285	883	1341	2377	2109	2103	2814	3120	2605	3493	3630	3885	2805	2441	4923	5471	4939	7598	11504	11742	11753	14709	16365	14307	11032	11413	9948	5983	3977	3734	3093	1231	736	1025	741	344	148	588	593	246	176	532	272	40	325	290	167	208	143	177	199	119	172	96	
180	149	190	192	162	196	201	237	214	262	270	277	254	312	289	291	320	350	363	403	419	403	430	423	451	437	455	445	478	326	175	162	355	381	606	836	744	1311	1147	1957	1979	1855	2876	2366	2734	3756	2994	4676	5082	5983	6408	6067	7298	6805	5758	4879	4288	4351	4635	4045	3747	3381	2859	2569	1844	1617	1222	911	815	694	568	647	644	660	677	682	693	643	646	628	608	545	553	519	481	
109	39	100	127	43	82	72	94	94	129	138	107	144	31	103	36	159	123	108	263	96	137	45	105	145	411	292	452	72	616	429	22	768	941	1140	1185	3425	2115	3256	4004	1542	1956	4831	5351	1455	6276	2308	6505	7176	351	3321	6583	6048	4624	4922	2944	2024	2199	1401	2457	1940	1601	1091	1406	891	86	500	444	331	656	97	389	109	82	124	147	225	144	249	131	185	64	122	58	17	
384	448	404	404	476	477	415	479	545	487	473	575	586	520	613	699	633	610	769	797	685	753	908	857	806	995	1070	906	952	1227	1206	1028	1252	1516	1325	1091	1411	1651	1393	1152	1638	1941	1716	1512	1836	1895	1512	1585	2247	2542	2065	1110	1372	2099	1973	1502	1461	1644	1689	1557	1149	1065	1251	1195	846	878	1116	1065	801	821	956	871	752	838	867	746	729	809	752	639	676	690	590	556	641	
349	383	369	370	415	418	387	437	498	465	452	524	545	492	547	641	619	577	675	738	690	696	803	815	788	900	978	907	922	1108	1125	1005	1149	1404	1298	1113	1393	1651	1435	1187	1619	1977	1760	1380	1850	2329	2114	1369	1737	2399	2090	930	1376	2286	1948	1078	566	1120	1204	1115	875	994	1116	961	718	793	895	792	694	781	830	748	700	743	735	670	679	695	650	603	627	605	536	519	544	
83	39	101	131	107	47	3	93	34	37	78	127	136	40	133	20	13	80	13	179	251	43	206	222	266	516	395	689	906	1072	1114	1308	1983	1664	2217	3377	2370	3680	4363	3392	2505	3891	5205	3744	3200	6856	9229	7436	9860	12080	14415	11854	11355	17996	13656	9437	9609	9958	6318	2528	3863	2911	791	979	1373	686	133	640	638	224	393	365	396	202	152	193	61	177	16	61	48	68	59	99	151	
181	198	205	191	189	245	220	220	240	231	246	239	248	273	243	289	307	273	364	385	425	473	516	607	626	668	783	762	912	994	1165	1275	1567	1524	1660	1578	1700	2270	3016	3673	3983	3815	2737	2457	2668	3696	4976	5680	5330	4738	3064	1779	3889	6439	5872	6253	4028	2562	697	1794	2248	2211	1919	1198	929	765	827	734	897	816	713	617	557	527	435	419	461	388	394	399	372	359	319	329	347	
13	50	10	54	21	21	50	46	29	42	20	17	11	26	45	14	73	10	54	57	69	93	47	143	27	153	89	18	210	335	236	596	160	509	253	380	467	1193	1527	512	2620	1332	1933	548	1376	1489	749	2721	5422	4388	3498	1414	2952	673	1946	7454	5658	6551	3868	2120	1435	498	1329	658	1075	699	342	142	185	118	28	150	178	180	210	53	125	34	64	31	41	98	29	33	47	
297	344	317	298	357	383	332	349	402	396	385	436	459	442	487	530	520	536	616	631	630	701	757	748	789	879	897	897	988	1101	1122	1212	1349	1369	1264	1308	1506	1598	1579	1498	1544	1708	1815	1615	1180	1340	1773	1782	1364	1767	2369	1789	1081	2036	2439	1447	491	1344	1567	1125	336	910	1251	968	679	999	1074	834	799	953	876	750	826	828	698	688	750	639	543	610	607	491	502	563	481	
120	228	71	36	359	362	111	294	118	71	191	186	199	256	229	235	69	347	71	289	317	164	363	472	756	561	642	1441	1375	1543	1311	3015	4111	2416	4951	7691	6965	8068	9174	7862	6800	9064	7046	7700	7410	4202	8566	12800	10199	8041	16734	28256	12358	18076	32074	17439	13486	21833	18185	9099	11199	9927	6486	4621	4597	2724	2445	1451	1037	949	657	418	315	412	225	53	361	284	281	205	291	88	310	122	186	
64	89	42	73	90	105	116	85	158	104	70	138	54	61	21	129	8	91	83	35	141	80	329	350	232	103	61	475	421	547	1159	943	1606	356	1038	2731	674	2145	623	2887	1193	2459	2923	3905	8015	3475	1622	1256	3999	4626	2064	2253	6481	2641	6798	5239	1337	6176	3230	2835	3017	2135	381	841	831	639	762	476	625	247	347	55	275	51	167	130	194	208	143	158	127	163	107	174	239	
385	363	385	402	407	404	443	446	424	456	503	511	510	566	583	571	605	678	696	722	812	869	850	902	1024	1087	1093	1141	1219	1264	1329	1437	1519	1514	1493	1426	1324	1374	1547	1567	1387	1305	1541	1719	1854	2092	2155	1728	1378	2068	2518	2068	1423	2139	2824	2082	680	1196	2090	1927	1343	1437	1764	1639	1335	1430	1575	1395	1199	1258	1275	1101	1024	1052	964	822	848	864	754	682	734	703	631	652	672	
227	234	365	280	180	103	31	133	220	428	200	304	427	63	335	147	380	135	179	215	548	220	578	435	799	978	578	945	1968	851	799	1517	2081	2376	2273	4026	6216	5281	9671	13340	10904	14226	12705	16885	15856	12883	16054	22172	20929	9242	20760	29790	13251	14520	24136	13856	10297	13755	12516	5811	6531	10904	6269	3561	5122	4358	2776	2374	2003	1468	1271	686	857	397	386	327	357	452	308	153	190	274	113	171	545	
97	33	35	49	121	78	137	113	100	125	69	81	84	89	48	119	125	66	83	93	22	208	176	110	435	205	264	242	172	114	308	732	24	1122	1072	1373	1929	939	2711	612	2376	112	2176	1690	2643	3493	2923	3894	3655	4168	934	7105	1730	7492	4723	6207	4989	1802	4978	1036	3147	1924	1089	1088	472	464	287	605	180	451	355	100	180	191	63	113	108	81	112	156	45	130	109	103	132	
275	267	264	297	302	285	316	361	344	334	386	396	387	410	460	456	473	540	559	549	607	693	706	719	791	854	870	924	1003	1041	1050	1101	1136	1170	1245	1318	1316	1351	1447	1405	1208	1320	1706	1784	1423	1242	1547	1542	1160	1242	1586	1431	1155	1697	2241	1777	824	1341	2008	1813	1260	1328	1627	1492	1165	1201	1303	1145	992	1074	1075	898	823	865	796	683	705	694	605	575	617	564	499	537	563	
301	283	270	314	315	297	331	368	338	337	399	410	384	418	482	459	463	523	555	538	602	687	692	695	771	836	844	898	974	1019	1046	1112	1121	1099	1140	1227	1227	1298	1502	1582	1361	1218	1484	1611	1477	1521	1827	1741	1115	1121	1649	1569	1037	1390	2016	1674	849	1235	1798	1591	1121	1312	1610	1431	1083	1149	1279	1121	958	1045	1040	864	802	855	775	656	686	690	579	550	611	561	476	510	537	
158	167	150	164	191	180	167	206	216	197	209	244	230	222	267	285	272	299	346	344	361	419	455	454	503	569	596	624	687	730	743	789	853	914	961	984	948	994	1158	1248	1149	1119	1287	1334	1122	1111	1364	1304	892	1046	1516	1412	824	1067	1679	1547	892	1008	1448	1331	966	1055	1281	1153	893	937	1020	876	744	802	786	650	614	644	566	484	513	504	423	413	441	397	360	387	371	
366	345	425	433	387	437	500	450	422	516	547	487	523	625	599	561	651	720	675	732	873	892	853	960	1070	1048	1090	1261	1305	1226	1311	1452	1388	1283	1494	1648	1437	1331	1729	1957	1742	1546	1867	1998	1650	1663	2171	2106	1266	1272	1908	1843	1462	2229	3044	2376	892	1317	2239	1984	1194	1383	1916	1762	1225	1299	1576	1403	1097	1235	1345	1129	951	1050	1012	796	783	867	755	601	698	709	576	550	657	
118	277	344	291	27	199	602	384	268	257	437	191	172	148	462	155	543	390	350	221	249	379	1139	656	1074	1113	1687	864	1886	1930	1193	1954	3246	2268	3551	6808	7888	5152	11737	15439	12717	18831	16214	20072	23546	17048	18429	23056	23064	12521	19010	29519	10906	16772	32743	13749	7737	19611	18471	6797	6232	12002	8181	3904	6631	5046	3247	2764	2427	2106	1260	1434	632	851	690	94	247	308	223	56	359	139	342	268	701	
136	147	196	148	180	196	179	187	179	225	201	204	258	242	242	229	271	270	258	289	315	271	346	360	387	453	586	608	613	784	883	938	1122	1383	1412	1847	1432	2043	1982	2650	2108	2699	2211	2456	3699	4045	4012	4231	4107	5192	6089	7340	5792	6289	4975	4643	4873	4233	3488	2090	2146	1635	1828	1433	1341	1109	1052	794	781	713	653	565	533	518	434	449	449	422	417	408	385	380	325	366	319	
199	222	240	224	234	248	259	264	274	284	254	273	312	330	297	329	359	374	393	457	490	515	571	672	653	725	833	953	930	1071	1167	1294	1328	1673	1687	1930	1661	1987	2451	2911	3096	3263	3032	3345	4235	4443	4867	4971	3903	4258	4639	5967	5582	5382	3763	3092	3746	3006	3501	1735	1873	1391	1661	1534	1421	1293	1130	935	976	921	828	773	681	652	558	506	552	472	456	464	428	397	354	397	367	
149	186	191	170	210	208	220	204	248	265	258	274	283	279	274	300	343	313	373	393	402	432	460	513	499	566	702	762	919	952	1117	1105	1116	1299	1692	1876	2216	2029	1774	1232	1929	2503	3372	3550	3112	2401	1453	2537	4625	5260	5647	3168	2607	4153	6459	5927	5861	3683	2203	1686	2278	1967	1823	1418	1279	1069	962	945	974	930	814	693	684	597	573	556	548	509	490	484	468	422	413	378	371	
161	175	144	182	214	184	186	196	225	201	220	195	172	244	250	268	249	226	225	268	319	266	286	353	470	600	571	476	538	989	1270	1441	1549	1290	1387	1563	2032	3140	3802	4017	3846	2502	1108	2488	4948	6389	7080	6403	4536	1931	791	2778	4883	5614	5323	4525	2704	1611	2128	2787	3705	3035	2343	1313	381	609	1044	1228	1074	755	255	87	380	451	451	329	281	322	343	343	304	325	276	298	330	
57	47	62	19	88	72	49	75	27	85	36	77	62	71	73	28	71	107	71	145	78	35	176	126	190	235	360	225	342	501	188	475	486	339	1268	1267	1022	1376	550	454	2212	1601	1675	2573	2676	4130	4580	3317	4954	1477	1865	2849	5882	2881	5585	4965	4028	4889	107	1389	2259	1381	1682	1336	866	868	69	398	57	76	132	306	199	246	105	86	71	73	170	87	129	45	32	88	33	
399	488	101	322	259	454	178	154	485	335	281	222	394	479	295	227	454	493	296	523	669	83	672	640	447	226	1284	1638	1506	1607	2724	2949	3141	4947	4997	4612	4757	6646	6167	4993	7177	6294	3636	4989	7884	6598	2750	7888	11422	9212	15618	18995	17863	20948	30074	29635	20283	18271	20693	16735	10390	9951	8191	4557	2445	2837	2794	852	553	921	915	504	370	350	615	611	286	236	537	313	127	249	251	560	211	
39	38	26	49	56	65	36	19	49	11	33	42	43	49	53	27	49	73	17	215	34	285	148	136	296	9	270	171	112	200	718	1172	705	1358	1517	2051	1999	2742	3636	1888	2722	1621	1340	1926	4774	4990	3396	5802	6129	3303	4101	2671	4299	1999	6491	2169	2398	1811	5172	3272	3062	3381	1472	1821	1115	730	319	227	298	110	379	233	275	205	245	127	93	80	73	62	36	89	69	51	117	
241	108	336	403	185	278	312	370	374	283	296	428	254	431	240	308	373	358	565	227	135	693	739	58	619	1195	479	917	1473	1319	1189	2429	2950	1513	2772	3615	1794	2734	2356	2029	2960	3515	2460	3341	4934	5009	6426	10860	12530	8656	14291	25710	23270	15574	23445	25405	15633	15101	14785	8409	6599	6140	4141	2302	1846	1691	664	638	843	656	308	475	410	219	304	284	99	75	278	149	190	127	123	184	315	
17	47	32	40	69	14	16	18	4	12	19	18	13	39	5	83	70	63	85	44	124	98	86	77	162	98	203	239	175	510	164	473	317	594	197	530	472	1328	1962	1055	2524	2391	1585	1879	1998	1371	193	1885	3461	2521	6035	3013	5524	7022	364	5587	3314	2236	2384	720	1411	498	1440	496	324	121	146	24	183	314	127	191	123	81	114	31	26	13	39	39	18	23	57	41	51	
214	295	319	191	431	117	180	378	407	343	188	348	571	345	193	118	492	376	518	237	504	352	855	113	296	1046	1222	652	1577	2341	2381	2777	4217	4138	4064	7340	8600	7792	8260	8744	8983	10393	8725	8679	9250	8262	7600	11851	10504	4032	15200	27567	19425	14761	27912	27421	13295	18854	25501	12773	8781	11666	8241	4733	4954	4681	1899	1984	1539	990	436	737	341	17	289	422	312	480	326	261	187	477	230	192	175	
74	27	85	54	50	54	100	143	120	91	99	99	67	120	59	116	65	171	29	219	46	100	132	109	284	269	162	256	608	389	710	1342	860	1914	1581	1273	2353	451	2139	2078	2503	2263	3282	1460	3237	2923	2902	1549	6347	6554	3309	6416	3874	3697	4207	2023	7092	4691	4609	6279	1925	4350	1177	2029	851	445	459	199	457	277	389	246	295	58	210	111	242	147	175	130	161	207	38	150	125	
296	367	336	273	351	402	340	310	416	424	348	394	504	453	406	520	592	520	533	683	699	620	724	876	821	740	888	1011	896	902	1128	1190	988	976	1212	1210	1006	1190	1523	1445	1005	1087	1440	1292	980	1170	1304	1249	1421	1718	1729	1292	1486	2478	3045	2378	1726	2205	2463	1914	1493	1878	2094	1833	1553	1640	1691	1473	1314	1379	1348	1163	1091	1125	1028	891	900	897	777	722	772	735	625	648	679	
224	198	363	131	201	340	268	159	193	223	361	143	145	572	233	179	364	331	205	379	446	429	394	328	481	559	136	690	1314	1327	876	2217	3506	3326	3553	4736	5692	4419	4894	4819	4105	3741	3215	5045	5155	3833	8690	12642	8455	10600	18050	20852	20433	21351	20937	18875	16851	14871	11970	7450	6169	6726	4308	2466	2610	2314	1457	1092	1381	1068	602	552	689	608	165	269	414	19	83	266	121	162	109	191	210	
31	95	38	10	28	76	49	40	63	104	48	65	118	59	24	99	57	100	98	37	119	109	128	148	145	542	388	511	661	569	1134	665	2038	2485	2528	3728	2248	6082	5528	5701	5446	3355	5433	2814	5560	6186	3564	7611	4107	3410	5558	4248	1400	3600	5584	2996	2861	5899	5555	1967	2924	1623	2344	2468	620	548	406	389	362	165	324	56	240	97	238	216	109	110	72	168	121	29	64	60	106	
293	321	346	322	327	366	366	352	384	411	384	395	451	461	439	487	538	524	532	608	631	593	637	718	718	704	786	835	776	758	862	910	891	946	1020	1001	980	1108	1201	1109	1043	1186	1229	1104	1087	1237	1280	1272	1385	1497	1527	1316	1431	1754	1675	1323	1169	1282	1357	1304	1221	1164	1138	1140	1125	1064	1024	1021	991	911	886	889	845	764	741	725	668	620	618	596	538	519	514	476	444	
105	75	85	108	115	130	24	99	16	87	64	101	96	72	95	78	146	116	52	160	189	185	256	164	363	342	324	322	311	337	1043	1018	1514	2850	2697	2773	4845	4804	4082	6220	6464	4736	5210	6740	5443	4065	6470	7677	6678	9239	13901	13993	14092	16782	18488	15867	12459	11653	9390	6379	4421	3940	3552	2270	1395	1617	1333	784	1008	920	553	704	441	303	373	138	273	73	44	120	123	51	196	72	232	
119	123	133	119	149	178	202	184	222	219	228	218	238	209	204	206	235	217	260	255	245	208	239	244	310	437	549	598	719	754	789	689	678	825	1058	1339	1553	2255	2651	2840	2872	2831	2999	2519	2415	2039	2017	2603	3077	4460	5026	5801	6716	7019	6277	6011	5228	4518	3358	2598	1624	961	464	573	788	1041	1162	1218	1101	969	796	586	393	245	221	270	283	294	322	306	267	258	241	211	194	
33	94	2	61	27	33	25	15	29	33	32	14	57	45	62	54	99	90	91	130	83	184	91	188	119	119	330	147	196	364	89	906	366	1071	723	1743	1577	1319	1884	1280	1660	1181	643	1909	2373	3812	3662	3810	5067	5616	5657	4828	2961	2565	1574	691	3816	2305	4296	2449	2449	1639	1359	1078	472	527	126	166	170	89	255	156	237	134	177	83	38	26	24	52	47	96	81	84	32	
151	43	154	143	117	137	85	61	86	103	47	133	161	93	103	164	179	145	70	60	285	102	337	179	168	203	564	520	1069	1467	1636	2042	2899	2667	2517	3263	2806	2861	3798	5772	6274	7429	9235	10966	12522	13430	13665	13232	13647	13283	12485	13748	15116	13980	9422	10792	12492	9824	11017	9589	6349	6650	4517	2665	3202	2175	1047	1056	776	310	566	490	300	362	364	93	398	121	85	132	126	196	154	206	100	
94	112	114	114	86	120	129	108	129	141	142	114	140	160	133	135	165	144	144	150	172	160	165	233	235	282	332	432	529	561	791	829	905	851	964	744	852	775	1301	1712	2537	3002	3589	3972	4036	3871	3361	2553	1400	282	2219	3723	5394	6751	6836	5716	4776	3184	1744	622	632	978	1347	1265	1244	1130	1013	823	651	565	450	341	276	260	222	203	214	216	211	213	219	212	200	205	210	
190	247	244	198	227	227	265	223	265	302	258	287	285	286	280	250	326	271	281	366	347	381	456	515	625	692	849	942	1038	1283	1332	1557	1740	1924	2384	2393	2540	2722	2832	3030	3528	3837	4365	4680	5165	5031	5099	5126	4674	4906	4849	4821	4965	6052	5696	4742	4267	2986	2355	1698	1813	1719	1854	1568	1431	1279	991	817	744	649	572	510	521	497	431	463	447	402	370	392	395	324	340	361	345	
57	47	60	29	2	46	41	58	90	39	67	24	54	51	24	119	71	121	101	34	118	81	79	138	84	124	291	314	254	525	235	627	844	1360	196	1169	580	829	1579	1524	1496	1551	2206	2083	1331	556	967	3067	3213	5732	3759	3381	3656	2700	6848	7666	6178	7578	3844	3521	1826	2551	1846	1669	1459	995	407	381	132	146	186	148	178	232	163	140	96	35	111	34	60	114	102	31	105	
425	439	452	455	459	502	520	501	504	551	572	563	590	625	632	646	706	733	737	752	813	835	857	898	933	915	935	1027	1101	1118	1118	1136	1192	1291	1345	1313	1238	1250	1263	1349	1606	1948	1970	1671	1428	1798	2154	2045	1962	2195	2336	2013	1985	2426	2463	1842	1393	1426	1340	1060	956	1173	1228	1102	1082	1167	1131	1027	1036	1052	948	895	946	942	836	815	845	808	721	715	718	651	607	613	584	
92	162	147	145	129	83	148	82	218	147	47	123	73	9	187	82	111	150	297	171	310	97	166	246	322	503	841	971	968	1388	1536	1893	2384	1554	1852	2887	2121	4649	6788	6488	8751	9160	8688	8860	6300	6295	6934	7574	9358	12233	17498	18947	22141	22461	24678	16657	13573	12523	4111	6147	6546	2855	3009	2439	2461	1989	1737	1049	1142	590	486	273	225	37	108	223	299	222	159	261	87	305	182	110	379	
